2021-03-21,113,8,7,8,7,6,2,3,5,7,10
2021-03-28,113,7,7,7,8,5,1,2,4,6,10
2021-04-04,113,9,6,8,7,6,3,3,4,6,10
2021-04-11,113,8,6,8,8,7,3,3,4,8,10
2021-04-18,113,7,6,8,8,6,3,4,4,7,10
2021-03-21,AA,10,9,7,10,1,8,9,7,8,10
2021-03-28,AA,10,9,6,10,1,7,8,6,7,10
2021-04-04,AA,10,9,8,10,2,7,9,6,7,9
2021-04-11,AA,9,8,6,10,2,9,10,6,9,9
2021-04-18,AA,9,8,7,10,1,7,8,6,7,9
2021-03-21,AHDP,3,2,8,5,6,3,9,7,6,9
2021-03-28,AHDP,4,7,3,8,7,4,6,3,9,5
2021-04-04,AHDP,3,9,5,3,9,3,5,4,8,9
2021-04-11,AHDP,3,8,4,6,2,9,5,6,3,7
2021-04-18,AHDP,3,6,5,8,9,3,6,8,3,4
2021-03-21,AK,7,5,5,6,3,6,7,4,7,6
2021-03-28,AK,8,6,5,7,3,6,8,6,7,6
2021-04-04,AK,8,7,6,7,3,6,7,5,7,7
2021-04-11,AK,8,6,4,8,2,6,8,5,7,8
2021-04-18,AK,6,7,5,6,3,5,8,6,8,5
2021-03-21,AleksAndrA_A,7,4,6,9,7,3,5,6,9,10
2021-03-28,AleksAndrA_A,8,6,7,9,3,2,6,6,8,9
2021-04-04,AleksAndrA_A,8,6,5,8,5,3,5,6,9,9
2021-04-11,AleksAndrA_A,8,5,7,7,5,3,6,5,7,9
2021-04-18,AleksAndrA_A,8,6,7,7,6,1,6,6,7,10
2021-03-21,Arrrr,8,5,9,7,6,8,9,6,8,7
2021-03-28,Arrrr,8,7,9,7,6,7,8,6,8,8
2021-04-04,Arrrr,8,6,9,8,7,8,7,7,7,7
2021-04-11,Arrrr,8,7,9,8,6,6,9,6,7,6
2021-04-18,Arrrr,7,5,8,8,5,7,9,5,9,6
2021-03-21,Asroz,7,3,4,7,6,3,7,7,7,7
2021-03-28,Asroz,8,3,5,8,7,3,6,7,8,7
2021-04-04,Asroz,8,3,6,8,7,2,7,7,8,7
2021-04-11,Asroz,6,2,4,6,5,1,5,7,7,8
2021-04-18,Asroz,7,3,4,7,7,1,5,7,8,8
2021-03-21,Bonjour ,6,6,6,5,5,5,8,5,7,6
2021-03-28,Bonjour ,6,7,7,6,5,5,9,4,7,6
2021-04-04,Bonjour ,7,6,6,4,4,4,9,6,8,6
2021-04-11,Bonjour ,7,7,6,6,6,5,7,5,8,6
2021-04-18,Bonjour ,7,7,5,5,5,5,8,4,7,7
2021-03-21,Brandos251,1,7,1,10,1,1,1,10,10,1
2021-03-28,Brandos251,10,2,4,6,3,3,8,7,8,9
2021-04-04,Brandos251,9,7,10,3,10,4,10,5,9,6
2021-04-11,Brandos251,10,10,8,5,2,6,3,7,3,7
2021-04-18,Brandos251,7,5,7,2,4,2,6,2,6,3
2021-03-21,Dis1Go,5,8,1,10,3,7,4,8,6,3
2021-03-28,Dis1Go,5,8,8,7,4,7,6,10,4,5
2021-04-04,Dis1Go,5,8,3,7,4,7,6,9,6,4
2021-04-11,Dis1Go,6,8,3,9,4,7,4,10,4,5
2021-04-18,Dis1Go,4,8,5,7,3,7,5,10,5,3
2021-03-21,Hello,6,6,6,5,6,7,7,6,6,5
2021-03-28,Hello,6,7,5,4,5,6,7,7,5,5
2021-04-04,Hello,7,5,7,4,7,7,7,6,7,6
2021-04-11,Hello,7,6,6,5,5,6,8,7,5,6
2021-04-18,Hello,6,5,5,5,6,7,7,5,5,4
2021-03-21,I'm a user,10,10,10,10,6,10,10,10,10,10
2021-03-28,I'm a user,10,9,10,10,5,10,9,9,10,9
2021-04-04,I'm a user,9,10,10,10,6,10,10,9,9,9
2021-04-11,I'm a user,9,10,10,9,6,10,10,9,10,9
2021-04-18,I'm a user,10,10,9,10,7,9,10,10,10,10
2021-03-21,JanetT,5,7,6,8,7,8,8,6,8,6
2021-03-28,JanetT,6,6,7,8,6,7,8,6,9,5
2021-04-04,JanetT,5,6,5,8,7,8,7,5,8,7
2021-04-11,JanetT,6,7,7,7,6,8,9,5,7,6
2021-04-18,JanetT,6,7,5,8,8,9,8,6,7,5
2021-03-21,Kesla,10,8,9,7,8,8,8,9,10,10
2021-03-28,Kesla,10,8,9,7,8,8,8,9,10,10
2021-04-04,Kesla,8,6,9,6,7,5,7,7,10,9
2021-04-11,Kesla,7,8,9,9,8,8,8,7,9,10
2021-04-18,Kesla,7,8,8,8,8,8,6,9,10,8
2021-03-21,KindaIlya,8,7,8,6,3,5,8,10,8,7
2021-03-28,KindaIlya,6,8,6,9,6,8,7,7,8,7
2021-04-04,KindaIlya,6,8,7,8,3,5,7,8,7,8
2021-04-11,KindaIlya,6,8,8,7,4,7,7,8,9,6
2021-04-18,KindaIlya,8,6,8,8,3,5,6,9,7,7
2021-03-21,Kot,4,3,6,3,5,4,3,6,3,5
2021-03-28,Kot,3,4,5,2,6,4,4,5,2,5
2021-04-04,Kot,4,2,7,4,5,4,4,6,3,6
2021-04-11,Kot,5,2,6,4,5,5,2,6,2,4
2021-04-18,Kot,5,3,6,3,4,4,3,7,2,4
2021-03-21,Ks,4,8,2,6,9,2,5,9,3,5
2021-03-28,Ks,5,9,2,7,8,2,6,8,2,5
2021-04-04,Ks,5,9,1,6,10,2,4,8,3,4
2021-04-11,Ks,5,9,2,5,9,3,5,9,4,4
2021-04-18,Ks,3,9,2,6,8,3,6,10,3,4
2021-03-21,L,8,5,6,4,3,5,5,8,7,6
2021-03-28,L,6,8,7,6,10,9,8,10,5,1
2021-04-04,L,8,7,6,10,8,7,6,8,6,10
2021-04-11,L,7,5,7,7,7,5,6,6,10,5
2021-04-18,L,9,8,5,8,2,7,9,9,9,7
2021-03-21,Leeloo,7,6,6,7,6,6,7,6,7,6
2021-03-28,Leeloo,7,9,8,8,8,7,8,7,8,7
2021-04-04,Leeloo,7,7,6,8,6,6,7,6,7,6
2021-04-11,Leeloo,7,7,6,7,6,7,7,6,7,7
2021-04-18,Leeloo,7,7,6,7,7,6,7,6,7,6
2021-03-21,Lynyrd,8,8,4,7,5,4,7,7,8,9
2021-03-28,Lynyrd,8,7,7,7,4,5,7,6,7,7
2021-04-04,Lynyrd,8,7,6,7,5,6,8,7,8,8
2021-04-11,Lynyrd,9,8,4,7,4,6,7,7,6,7
2021-04-18,Lynyrd,9,7,5,6,4,5,8,6,6,9
2021-03-21,Morra,7,6,3,7,9,7,10,5,8,4
2021-03-28,Morra,7,10,4,6,3,7,9,9,6,8
2021-04-04,Morra,8,7,3,7,5,6,10,7,7,5
2021-04-11,Morra,7,9,2,6,5,8,10,7,6,6
2021-04-18,Morra,6,7,3,6,6,7,10,8,7,5
2021-03-21,MrGonki,4,5,7,5,5,7,5,5,6,4
2021-03-28,MrGonki,5,5,8,5,5,8,4,5,5,4
2021-04-04,MrGonki,5,5,6,6,5,8,5,6,5,5
2021-04-11,MrGonki,5,4,8,5,6,7,5,4,7,4
2021-04-18,MrGonki,3,4,6,4,6,7,6,4,6,3
2021-03-21,Neks,9,7,7,7,8,7,9,10,7,8
2021-03-28,Neks,9,8,6,8,7,8,10,9,7,7
2021-04-04,Neks,9,8,8,6,9,7,10,9,6,8
2021-04-11,Neks,9,8,8,6,7,6,8,10,6,8
2021-04-18,Neks,9,6,7,7,7,8,9,10,6,7
2021-03-21,Nekstras,7,8,7,7,4,7,7,10,5,8
2021-03-28,Nekstras,9,7,6,7,8,8,9,9,8,9
2021-04-04,Nekstras,9,8,7,8,5,8,7,8,5,7
2021-04-11,Nekstras,8,8,6,8,7,6,7,10,7,9
2021-04-18,Nekstras,9,7,6,7,6,7,8,8,7,8
2021-03-21,Nster,7,7,6,7,5,4,8,7,8,8
2021-03-28,Nster,7,8,5,6,4,6,7,7,8,8
2021-04-04,Nster,7,8,5,8,7,3,8,8,9,9
2021-04-11,Nster,8,6,7,6,6,4,8,8,9,9
2021-04-18,Nster,7,6,5,7,5,6,8,8,10,9
2021-03-21,Plexify,5,9,6,8,5,9,8,8,5,9
2021-03-28,Plexify,10,7,6,5,5,4,6,3,8,8
2021-04-04,Plexify,8,4,6,6,5,5,8,3,8,9
2021-04-11,Plexify,5,9,5,5,8,5,6,4,9,3
2021-04-18,Plexify,7,3,7,8,4,9,5,8,5,8
2021-03-21,PottonCicker,10,10,10,10,5,7,7,5,10,5
2021-03-28,PottonCicker,8,8,8,9,9,8,9,8,9,9
2021-04-04,PottonCicker,8,9,9,10,6,8,9,6,10,6
2021-04-11,PottonCicker,9,9,10,8,7,7,7,5,9,6
2021-04-18,PottonCicker,10,9,9,9,6,6,9,6,10,8
2021-03-21,Sssss,8,7,8,7,6,8,8,6,9,9
2021-03-28,Sssss,8,8,7,6,7,8,7,6,10,8
2021-04-04,Sssss,7,7,8,6,6,7,8,5,8,9
2021-04-11,Sssss,9,6,7,6,6,9,9,5,8,10
2021-04-18,Sssss,7,7,9,8,7,7,7,5,8,8
2021-03-21,Sssss (2 неделя),8,7,4,7,4,7,7,6,9,9
2021-03-28,Sssss (2 неделя),8,7,5,7,3,8,7,6,10,9
2021-04-04,Sssss (2 неделя),9,6,3,7,5,7,8,5,8,8
2021-04-11,Sssss (2 неделя),9,7,3,8,5,8,6,6,10,10
2021-04-18,Sssss (2 неделя),7,8,5,8,5,6,6,5,9,9
2021-03-21,Sssss (3 неделя),8,7,8,8,6,7,8,7,9,9
2021-03-28,Sssss (3 неделя),7,7,7,7,5,6,8,8,9,9
2021-04-04,Sssss (3 неделя),9,7,9,9,6,7,7,7,8,8
2021-04-11,Sssss (3 неделя),7,7,9,9,5,7,9,7,9,10
2021-04-18,Sssss (3 неделя),9,7,8,9,5,7,9,6,9,9
2021-03-21,Sssss (4 неделя),8,6,8,8,6,8,8,6,9,9
2021-03-28,Sssss (4 неделя),8,7,7,7,6,9,9,6,9,10
2021-04-04,Sssss (4 неделя),9,5,8,8,5,8,7,6,8,8
2021-04-11,Sssss (4 неделя),9,5,9,8,6,9,7,7,8,9
2021-04-18,Sssss (4 неделя),8,6,9,7,7,9,7,7,8,8
2021-03-21,Sssss (5 неделя),8,7,5,8,4,8,8,7,9,9
2021-03-28,Sssss (5 неделя),7,6,4,7,3,8,8,6,10,8
2021-04-04,Sssss (5 неделя),9,6,6,9,5,9,7,7,9,8
2021-04-11,Sssss (5 неделя),7,6,4,9,5,9,8,6,8,9
2021-04-18,Sssss (5 неделя),8,6,4,7,3,9,9,8,10,10
2021-03-21,Username,6,9,7,8,6,9,6,9,9,7
2021-03-28,Username,7,8,8,9,6,8,7,8,10,8
2021-04-04,Username,5,10,6,7,6,8,6,10,9,6
2021-04-11,Username,5,10,8,7,7,8,7,9,10,7
2021-04-18,Username,6,10,6,7,7,8,5,10,8,6
2021-03-21,chamomile,8,8,7,9,5,5,8,9,9,9
2021-03-28,chamomile,7,7,6,10,6,5,9,8,9,9
2021-04-04,chamomile,7,7,7,8,5,5,7,10,10,8
2021-04-11,chamomile,8,8,6,8,6,6,7,9,10,8
2021-04-18,chamomile,8,7,6,9,5,6,9,8,8,8
2021-03-21,dandelion,7,8,7,9,4,7,9,10,8,8
2021-03-28,dandelion,8,6,7,8,9,6,9,9,6,7
2021-04-04,dandelion,8,7,7,9,7,9,5,9,6,8
2021-04-11,dandelion,7,8,7,8,6,7,7,10,7,6
2021-04-18,dandelion,7,6,6,7,7,8,8,9,7,6
2021-03-21,dead outside ??feeling alive??,4,7,5,8,7,2,1,7,8,10
2021-03-28,dead outside ??feeling alive??,5,7,6,8,7,2,1,6,7,9
2021-04-04,dead outside ??feeling alive??,3,7,6,9,6,3,2,6,8,10
2021-04-11,dead outside ??feeling alive??,3,6,6,9,6,2,1,6,7,9
2021-04-18,dead outside ??feeling alive??,4,7,6,9,6,2,1,7,7,10
2021-03-21,denisska,9,8,9,7,2,9,10,3,10,2
2021-03-28,denisska,10,9,9,10,3,10,10,3,10,2
2021-04-04,denisska,10,9,9,8,2,9,10,3,10,2
2021-04-11,denisska,10,7,8,8,3,10,10,3,10,1
2021-04-18,denisska,8,8,8,10,3,10,10,2,10,3
2021-03-21,ftftft,8,8,8,8,3,6,7,7,7,8
2021-03-28,ftftft,9,8,9,7,2,5,6,8,6,9
2021-04-04,ftftft,9,7,8,8,3,5,6,6,6,9
2021-04-11,ftftft,8,8,7,8,2,7,8,8,6,8
2021-04-18,ftftft,9,8,8,8,2,7,6,8,6,9
2021-03-21,lili,7,6,7,5,7,5,7,6,7,7
2021-03-28,lili,8,5,8,4,7,4,8,7,7,7
2021-04-04,lili,8,5,6,4,8,6,6,7,7,6
2021-04-11,lili,8,7,7,6,8,5,7,5,6,8
2021-04-18,lili,6,7,8,4,7,5,7,5,7,7
2021-03-21,mdmazzzing,2,4,4,2,4,4,1,5,1,10
2021-03-28,mdmazzzing,8,2,9,4,6,3,7,4,5,10
2021-04-04,mdmazzzing,7,5,7,4,7,5,8,3,6,3
2021-04-11,mdmazzzing,7,6,3,10,4,5,7,7,2,8
2021-04-18,mdmazzzing,5,6,5,4,6,5,4,4,4,7
2021-03-21,mizuhara,7,5,7,7,4,6,5,3,7,4
2021-03-28,mizuhara,7,6,8,8,3,5,4,2,7,3
2021-04-04,mizuhara,8,6,6,8,3,6,4,2,6,3
2021-04-11,mizuhara,7,4,6,7,5,5,5,4,8,3
2021-04-18,mizuhara,6,6,8,8,5,5,6,2,8,4
2021-03-21,morra,5,9,4,8,10,3,5,2,9,7
2021-03-28,morra,4,8,4,6,5,7,10,8,4,3
2021-04-04,morra,3,7,3,7,6,4,6,4,5,6
2021-04-11,morra,5,8,5,8,7,4,6,6,7,6
2021-04-18,morra,4,7,4,8,8,4,7,5,5,6
2021-03-21,yoursc2,7,4,7,8,7,6,4,6,8,5
2021-03-28,yoursc2,6,3,8,9,8,7,3,6,7,4
2021-04-04,yoursc2,8,5,7,7,8,6,3,7,9,5
2021-04-11,yoursc2,8,5,8,8,8,7,4,6,8,4
2021-04-18,yoursc2,7,5,7,7,6,5,5,5,8,6
2021-03-21,yoursc3,7,3,6,8,4,6,3,4,8,6
2021-03-28,yoursc3,6,3,5,8,4,5,2,5,8,5
2021-04-04,yoursc3,8,3,5,7,5,7,2,3,8,7
2021-04-11,yoursc3,8,2,5,7,5,5,4,4,9,7
2021-04-18,yoursc3,6,2,6,9,5,6,3,3,9,6
2021-03-21,yoursc4,7,4,7,8,4,5,4,5,7,7
2021-03-28,yoursc4,7,5,7,7,3,5,4,5,7,7
2021-04-04,yoursc4,7,4,7,9,4,4,3,5,7,7
2021-04-11,yoursc4,8,5,6,8,5,6,5,5,6,8
2021-04-18,yoursc4,8,5,8,8,3,4,4,5,8,7
2021-03-21,yoursec,8,6,7,7,5,4,4,5,7,6
2021-03-28,yoursec,7,5,8,6,5,3,5,5,7,6
2021-04-04,yoursec,7,5,6,6,6,3,3,4,6,7
2021-04-11,yoursec,9,6,8,7,4,4,4,4,8,5
2021-04-18,yoursec,9,6,7,6,6,4,4,5,8,7
2021-03-21,yoursec5,6,5,6,7,5,5,4,6,7,6
2021-03-28,yoursec5,7,5,7,8,5,6,4,7,6,6
2021-04-04,yoursec5,6,5,6,8,6,5,4,5,8,6
2021-04-11,yoursec5,6,4,5,8,6,4,3,7,7,7
2021-04-18,yoursec5,7,5,5,8,6,6,3,6,7,5
2021-03-21,АК,6,6,4,5,4,5,7,4,6,5
2021-03-28,АК,6,6,3,4,4,5,7,3,5,5
2021-04-04,АК,7,6,4,6,5,4,7,5,5,6
2021-04-11,АК,5,7,3,4,5,5,6,5,5,5
2021-04-18,АК,6,6,5,6,5,6,7,3,6,4
2021-03-21,Аксентьев Илья,10,7,8,7,9,8,9,6,10,9
2021-03-28,Аксентьев Илья,10,7,9,8,10,7,9,6,9,10
2021-04-04,Аксентьев Илья,10,7,9,6,8,8,10,7,10,10
2021-04-11,Аксентьев Илья,10,8,7,7,8,8,9,5,10,10
2021-04-18,Аксентьев Илья,9,6,7,8,8,8,10,5,9,10
2021-03-21,Анна,8,4,4,7,8,5,7,8,6,10
2021-03-28,Анна,5,3,4,9,8,3,4,10,7,10
2021-04-04,Анна,4,7,5,7,4,5,6,5,7,5
2021-04-11,Анна,7,4,7,4,7,5,4,7,3,7
2021-04-18,Анна,6,3,6,6,7,3,7,8,6,8
2021-03-21,Артём Киреев,7,6,5,6,4,5,7,6,7,4
2021-03-28,Артём Киреев,6,6,4,6,3,6,7,5,8,4
2021-04-04,Артём Киреев,7,7,6,7,5,4,7,7,6,4
2021-04-11,Артём Киреев,7,5,6,7,5,5,6,7,6,3
2021-04-18,Артём Киреев,8,6,6,6,3,4,6,6,8,5
2021-03-21,БПИ-19-4,10,9,9,8,3,7,10,2,3,4
2021-03-28,БПИ-19-4,10,9,9,7,2,7,9,3,2,3
2021-04-04,БПИ-19-4,9,10,8,8,4,7,9,3,3,5
2021-04-11,БПИ-19-4,10,8,9,9,3,6,10,2,4,3
2021-04-18,БПИ-19-4,10,8,8,7,4,6,10,2,3,5
2021-03-21,Белоконь Артем,8,5,5,4,3,9,7,7,4,8
2021-03-28,Белоконь Артем,6,6,5,6,5,6,5,6,5,5
2021-04-04,Белоконь Артем,7,6,5,7,6,5,7,6,5,4
2021-04-11,Белоконь Артем,6,5,5,5,5,6,6,8,3,5
2021-04-18,Белоконь Артем,8,4,5,6,4,5,7,6,5,4
2021-03-21,Бусыгина Екатерина Павловна,7,4,5,8,3,3,6,7,8,9
2021-03-28,Бусыгина Екатерина Павловна,8,5,6,9,4,3,6,7,9,9
2021-04-04,Бусыгина Екатерина Павловна,7,3,5,9,3,4,5,7,8,8
2021-04-11,Бусыгина Екатерина Павловна,7,3,6,9,4,2,5,7,7,10
2021-04-18,Бусыгина Екатерина Павловна,6,3,6,9,4,3,5,8,7,10
2021-03-21,Гализина Анастасия,8,8,8,8,8,6,9,6,8,7
2021-03-28,Гализина Анастасия,8,8,9,7,8,5,9,5,9,7
2021-04-04,Гализина Анастасия,8,9,7,6,7,4,10,4,8,6
2021-04-11,Гализина Анастасия,8,7,8,6,8,6,9,4,7,6
2021-04-18,Гализина Анастасия,9,8,7,7,8,6,9,5,9,7
2021-03-21,Глиномес,1,1,1,1,1,1,1,1,1,1
2021-03-28,Глиномес,1,1,2,1,1,1,1,1,1,2
2021-04-04,Глиномес,1,1,1,1,1,1,2,1,2,2
2021-04-11,Глиномес,1,1,1,1,2,2,1,2,1,1
2021-04-18,Глиномес,1,1,1,2,1,1,2,1,1,2
2021-03-21,Гусева софия Дмитриевна ,5,5,5,5,5,5,5,5,5,6
2021-03-28,Гусева софия Дмитриевна ,4,5,5,6,4,4,4,5,5,5
2021-04-04,Гусева софия Дмитриевна ,4,4,5,4,6,5,4,5,6,5
2021-04-11,Гусева софия Дмитриевна ,4,6,6,6,6,5,5,5,4,5
2021-04-18,Гусева софия Дмитриевна ,4,4,6,5,6,4,5,6,4,5
2021-03-21,Давыдов Дмитрий Борисович,8,10,8,6,3,5,9,4,9,10
2021-03-28,Давыдов Дмитрий Борисович,8,9,8,7,3,8,10,7,9,9
2021-04-04,Давыдов Дмитрий Борисович,8,9,8,8,2,7,8,3,9,8
2021-04-11,Давыдов Дмитрий Борисович,8,10,8,8,2,8,9,3,9,8
2021-04-18,Давыдов Дмитрий Борисович,7,9,7,9,2,7,9,6,9,8
2021-03-21,Дарья Звягина,9,7,10,7,4,8,7,9,9,8
2021-03-28,Дарья Звягина,8,6,9,7,3,8,8,7,8,9
2021-04-04,Дарья Звягина,8,7,9,7,2,7,4,7,8,9
2021-04-11,Дарья Звягина,8,7,9,7,4,8,7,7,8,9
2021-04-18,Дарья Звягина,7,7,9,8,3,7,7,8,8,9
2021-03-21,Деля,7,6,8,8,3,5,7,8,8,10
2021-03-28,Деля,8,7,7,8,4,6,7,7,8,9
2021-04-04,Деля,8,7,6,8,4,6,8,7,8,8
2021-04-11,Деля,8,7,6,8,5,6,7,7,8,9
2021-04-18,Деля,7,7,6,9,3,4,8,7,8,9
2021-03-21,Евгеша,7,5,5,3,2,2,3,10,3,7
2021-03-28,Евгеша,2,1,3,4,3,2,3,2,3,1
2021-04-04,Евгеша,6,7,8,6,8,7,8,9,6,7
2021-04-11,Евгеша,3,2,1,3,1,3,2,4,1,2
2021-04-18,Евгеша,4,3,5,4,2,2,3,6,4,6
2021-03-21,Жданова Ольга,10,3,7,8,5,7,10,7,8,10
2021-03-28,Жданова Ольга,10,2,8,8,4,6,9,7,8,10
2021-04-04,Жданова Ольга,9,3,6,7,6,7,10,8,9,9
2021-04-11,Жданова Ольга,9,4,8,7,5,8,9,6,9,10
2021-04-18,Жданова Ольга,10,2,8,8,6,6,10,6,7,9
2021-03-21,Журавлев В.А,10,8,10,8,9,7,9,10,8,10
2021-03-28,Журавлев В.А,9,9,10,8,8,8,9,10,9,10
2021-04-04,Журавлев В.А,9,9,10,9,8,8,9,10,9,10
2021-04-11,Журавлев В.А,10,8,10,7,9,8,9,10,9,9
2021-04-18,Журавлев В.А,10,7,9,8,8,7,9,10,8,10
2021-03-21,Зубарева Алина Дмитриевна,8,9,6,8,5,5,8,8,9,9
2021-03-28,Зубарева Алина Дмитриевна,9,10,7,8,5,6,7,8,9,10
2021-04-04,Зубарева Алина Дмитриевна,9,8,7,9,7,7,8,9,9,9
2021-04-11,Зубарева Алина Дмитриевна,7,8,7,8,4,5,7,10,10,9
2021-04-18,Зубарева Алина Дмитриевна,8,10,5,8,6,6,7,10,9,10
2021-03-21,Инга,9,8,3,7,5,7,8,7,8,8
2021-03-28,Инга,8,9,2,8,4,7,7,7,7,9
2021-04-04,Инга,9,7,4,8,4,8,7,6,7,7
2021-04-11,Инга,8,8,2,6,5,6,8,6,8,7
2021-04-18,Инга,10,8,4,6,5,8,9,7,8,7
2021-03-21,Карев Артем,7,7,10,9,3,7,6,8,9,9
2021-03-28,Карев Артем,6,7,10,10,2,8,5,9,9,9
2021-04-04,Карев Артем,8,7,10,8,3,6,7,9,10,10
2021-04-11,Карев Артем,7,6,9,10,4,7,5,9,9,9
2021-04-18,Карев Артем,7,7,9,9,2,8,7,7,9,8
2021-03-21,Карев Артём Сергеевич,7,7,10,8,4,5,6,8,9,9
2021-03-28,Карев Артём Сергеевич,6,8,9,9,5,4,5,8,8,10
2021-04-04,Карев Артём Сергеевич,8,8,10,8,3,5,7,9,8,10
2021-04-11,Карев Артём Сергеевич,7,6,9,7,4,4,5,8,9,9
2021-04-18,Карев Артём Сергеевич,6,6,9,9,5,4,7,7,10,8
2021-03-21,Карина,9,7,5,8,4,8,8,6,7,6
2021-03-28,Карина,8,7,6,8,3,8,8,6,7,6
2021-04-04,Карина,8,6,5,7,4,8,8,5,7,5
2021-04-11,Карина,8,6,6,8,4,8,7,4,7,4
2021-04-18,Карина,9,5,6,8,2,9,9,5,8,4
2021-03-21,Киану Ривз мудрое перекати-поле,9,10,7,10,10,9,10,8,9,9
2021-03-28,Киану Ривз мудрое перекати-поле,9,10,7,9,10,8,10,7,8,9
2021-04-04,Киану Ривз мудрое перекати-поле,8,10,8,9,10,8,9,8,9,10
2021-04-11,Киану Ривз мудрое перекати-поле,8,9,6,10,10,9,9,8,10,9
2021-04-18,Киану Ривз мудрое перекати-поле,8,9,8,10,10,10,10,9,8,9
2021-03-21,Ким Наталья Александровна,1,3,4,5,5,1,1,1,4,10
2021-03-28,Ким Наталья Александровна,1,3,3,4,5,1,1,1,3,10
2021-04-04,Ким Наталья Александровна,1,3,4,6,6,2,2,1,3,9
2021-04-11,Ким Наталья Александровна,1,3,5,6,5,2,1,2,4,9
2021-04-18,Ким Наталья Александровна,1,2,3,4,4,1,2,1,4,10
2021-03-21,Кирилл,6,7,5,6,2,3,5,7,7,5
2021-03-28,Кирилл,5,8,5,7,1,2,5,6,8,4
2021-04-04,Кирилл,7,8,6,6,3,4,4,6,7,6
2021-04-11,Кирилл,7,6,5,7,2,3,5,7,8,5
2021-04-18,Кирилл,5,6,6,5,1,3,6,7,8,6
2021-03-21,Кириллов Олег Алексеевич,8,7,7,7,3,8,4,8,8,8
2021-03-28,Кириллов Олег Алексеевич,8,7,6,8,4,7,4,9,8,9
2021-04-04,Кириллов Олег Алексеевич,7,6,6,6,2,7,3,7,9,9
2021-04-11,Кириллов Олег Алексеевич,8,6,8,8,2,7,3,7,8,7
2021-04-18,Кириллов Олег Алексеевич,7,8,8,8,4,8,4,8,7,7
2021-03-21,Клочков Д.Ю.,5,3,4,7,4,3,4,7,6,8
2021-03-28,Клочков Д.Ю.,6,5,6,6,4,3,4,6,7,7
2021-04-04,Клочков Д.Ю.,5,4,6,5,3,3,5,5,6,6
2021-04-11,Клочков Д.Ю.,6,3,6,6,3,2,5,6,6,6
2021-04-18,Клочков Д.Ю.,6,3,6,6,3,2,5,7,7,8
2021-03-21,Кольниченко А.А.,5,8,4,3,1,4,1,9,1,10
2021-03-28,Кольниченко А.А.,4,8,5,2,1,3,1,10,1,10
2021-04-04,Кольниченко А.А.,4,8,3,3,2,4,1,10,1,9
2021-04-11,Кольниченко А.А.,6,9,4,4,2,5,2,9,2,9
2021-04-18,Кольниченко А.А.,4,8,4,2,1,5,2,10,1,10
2021-03-21,Крупин Денис,10,10,9,10,9,7,10,9,7,10
2021-03-28,Крупин Денис,10,10,10,10,10,6,10,9,7,10
2021-04-04,Крупин Денис,9,10,10,9,10,7,10,10,7,10
2021-04-11,Крупин Денис,9,10,8,10,10,7,10,8,8,9
2021-04-18,Крупин Денис,10,9,10,9,9,7,9,8,7,10
2021-03-21,Лерон,8,7,8,5,4,6,7,6,7,10
2021-03-28,Лерон,6,5,5,9,7,6,4,3,7,5
2021-04-04,Лерон,7,6,5,9,8,7,7,5,6,3
2021-04-11,Лерон,4,7,5,5,4,6,5,7,5,6
2021-04-18,Лерон,6,5,8,4,5,5,9,7,6,7
2021-03-21,Лобов Артем,10,10,8,7,10,5,1,10,3,10
2021-03-28,Лобов Артем,9,9,7,6,10,4,1,10,4,10
2021-04-04,Лобов Артем,10,10,8,8,10,4,2,9,2,10
2021-04-11,Лобов Артем,10,9,9,7,10,5,1,10,4,10
2021-04-18,Лобов Артем,10,9,9,8,10,5,1,10,3,10
2021-03-21,Лёвочкина А.К.,8,7,5,5,3,7,7,8,7,9
2021-03-28,Лёвочкина А.К.,8,7,6,4,3,7,6,7,7,8
2021-04-04,Лёвочкина А.К.,9,7,4,5,2,7,7,7,8,10
2021-04-11,Лёвочкина А.К.,8,6,4,5,2,8,7,7,7,10
2021-04-18,Лёвочкина А.К.,8,8,4,6,4,8,6,8,7,9
2021-03-21,Мага Лезгин,9,7,10,8,7,9,8,9,8,9
2021-03-28,Мага Лезгин,9,6,9,7,6,9,7,5,10,9
2021-04-04,Мага Лезгин,9,7,9,7,7,8,8,8,8,10
2021-04-11,Мага Лезгин,8,6,10,6,5,9,7,8,9,8
2021-04-18,Мага Лезгин,8,5,8,6,7,8,8,6,10,9
2021-03-21,Максимова Александра Андреевна ,8,5,7,3,6,8,7,2,4,8
2021-03-28,Максимова Александра Андреевна ,9,4,8,2,7,7,6,1,4,9
2021-04-04,Максимова Александра Андреевна ,7,4,6,2,6,8,7,2,4,8
2021-04-11,Максимова Александра Андреевна ,9,6,6,3,7,8,7,3,4,8
2021-04-18,Максимова Александра Андреевна ,8,6,6,4,6,9,7,2,4,7
2021-03-21,Малько Варвара Олеговна,9,6,8,7,6,6,6,6,9,9
2021-03-28,Малько Варвара Олеговна,8,6,8,7,7,6,5,6,10,9
2021-04-04,Малько Варвара Олеговна,9,7,7,7,5,7,5,5,9,9
2021-04-11,Малько Варвара Олеговна,10,6,7,8,5,5,7,6,8,10
2021-04-18,Малько Варвара Олеговна,9,7,7,8,5,5,7,7,9,9
2021-03-21,Митькина Дарья Сергеевна,7,5,8,9,5,6,6,8,8,10
2021-03-28,Митькина Дарья Сергеевна,7,4,7,9,6,5,5,9,9,9
2021-04-04,Митькина Дарья Сергеевна,7,4,8,9,6,5,7,8,8,9
2021-04-11,Митькина Дарья Сергеевна,7,4,9,9,6,5,6,9,7,10
2021-04-18,Митькина Дарья Сергеевна,7,6,8,9,6,5,5,8,8,9
2021-03-21,Михайлова Анна Сергеевна,6,3,7,7,4,3,7,7,8,7
2021-03-28,Михайлова Анна Сергеевна,7,3,7,6,5,4,6,7,8,7
2021-04-04,Михайлова Анна Сергеевна,6,3,8,7,3,3,6,7,8,8
2021-04-11,Михайлова Анна Сергеевна,6,2,8,6,5,3,8,8,7,7
2021-04-18,Михайлова Анна Сергеевна,5,3,7,8,4,4,8,7,7,8
2021-03-21,Морской котик03,6,8,6,7,5,6,7,8,7,10
2021-03-28,Морской котик03,5,9,7,6,6,5,8,7,7,10
2021-04-04,Морской котик03,7,8,6,6,5,6,8,7,8,10
2021-04-11,Морской котик03,7,9,5,8,5,6,7,9,8,10
2021-04-18,Морской котик03,6,9,6,6,6,5,6,9,8,9
2021-03-21,МудраяСобака,8,7,6,10,6,3,4,8,10,4
2021-03-28,МудраяСобака,7,7,5,10,6,2,5,9,10,3
2021-04-04,МудраяСобака,9,8,6,10,7,3,5,8,9,5
2021-04-11,МудраяСобака,7,6,7,9,7,4,4,7,10,5
2021-04-18,МудраяСобака,8,8,5,10,7,4,5,7,9,3
2021-03-21,МудраяСобака26,9,7,4,10,1,7,8,6,9,4
2021-03-28,МудраяСобака26,9,8,3,10,1,8,9,7,8,4
2021-04-04,МудраяСобака26,10,8,4,9,2,8,8,6,10,5
2021-04-11,МудраяСобака26,9,8,3,10,1,8,9,5,9,3
2021-04-18,МудраяСобака26,10,8,4,10,1,6,9,5,9,3
2021-03-21,Надежда,8,7,10,8,1,8,8,10,7,7
2021-03-28,Надежда,9,8,10,8,2,7,7,9,6,8
2021-04-04,Надежда,9,7,10,9,1,9,8,10,8,8
2021-04-11,Надежда,8,8,10,9,1,7,8,9,7,8
2021-04-18,Надежда,7,6,10,9,1,9,9,10,7,7
2021-03-21,НастасьяВ,9,8,8,9,7,5,7,8,9,8
2021-03-28,НастасьяВ,9,8,9,8,8,6,6,7,8,9
2021-04-04,НастасьяВ,8,7,9,9,6,4,7,8,9,7
2021-04-11,НастасьяВ,8,8,8,8,6,4,7,8,9,7
2021-04-18,НастасьяВ,10,9,9,9,7,6,6,8,10,8
2021-03-21,О Да Ын,6,6,7,5,3,7,7,8,6,10
2021-03-28,О Да Ын,5,6,8,4,2,8,6,9,6,9
2021-04-04,О Да Ын,5,7,6,5,4,7,8,9,6,10
2021-04-11,О Да Ын,7,7,7,6,2,6,8,7,7,9
2021-04-18,О Да Ын,6,7,6,6,3,8,6,7,5,10
2021-03-21,Октавия,10,8,4,8,3,9,9,9,7,10
2021-03-28,Октавия,10,9,10,8,2,9,9,10,10,9
2021-04-04,Октавия,8,8,6,8,6,8,7,6,7,7
2021-04-11,Октавия,10,10,5,9,3,7,8,9,7,8
2021-04-18,Октавия,10,10,6,9,2,7,8,10,8,9
2021-03-21,Осовин Максим Владимирович,7,8,6,6,3,3,5,7,7,8
2021-03-28,Осовин Максим Владимирович,6,8,7,5,3,4,6,8,8,9
2021-04-04,Осовин Максим Владимирович,7,7,7,5,2,4,6,6,7,8
2021-04-11,Осовин Максим Владимирович,6,8,5,7,3,2,4,7,8,7
2021-04-18,Осовин Максим Владимирович,6,8,5,6,2,3,6,6,6,7
2021-03-21,Персик,6,7,5,8,3,5,3,3,5,10
2021-03-28,Персик,8,5,5,6,7,6,7,5,8,6
2021-04-04,Персик,6,6,6,6,6,5,4,5,5,7
2021-04-11,Персик,6,5,4,7,6,4,6,4,6,9
2021-04-18,Персик,8,6,4,6,4,4,4,3,6,8
2021-03-21,Ри,9,5,8,4,8,6,8,7,4,7
2021-03-28,Ри,10,4,8,5,9,6,8,7,5,6
2021-04-04,Ри,10,4,9,4,9,5,9,6,4,6
2021-04-11,Ри,9,5,7,3,8,7,8,8,5,8
2021-04-18,Ри,8,6,9,5,8,6,8,7,5,7
2021-03-21,Сан Холо,5,9,4,7,5,8,5,8,8,9
2021-03-28,Сан Холо,5,10,5,7,5,7,5,8,7,8
2021-04-04,Сан Холо,4,9,4,6,5,8,5,8,7,10
2021-04-11,Сан Холо,6,9,5,6,4,9,4,7,9,8
2021-04-18,Сан Холо,6,9,3,7,6,8,4,9,9,9
2021-03-21,Селзенев И,5,8,10,9,9,9,2,3,7,5
2021-03-28,Селзенев И,5,8,10,8,10,9,1,2,8,4
2021-04-04,Селзенев И,4,9,10,9,8,8,3,4,7,5
2021-04-11,Селзенев И,5,8,10,9,9,9,2,2,7,6
2021-04-18,Селзенев И,4,7,10,10,9,10,1,2,7,6
2021-03-21,Соня,5,5,10,5,4,5,3,3,5,10
2021-03-28,Соня,4,5,10,5,4,6,3,2,6,10
2021-04-04,Соня,6,4,9,4,4,5,4,4,5,10
2021-04-11,Соня,5,5,10,5,5,6,2,4,4,10
2021-04-18,Соня,6,5,10,5,4,5,2,4,4,10
2021-03-21,Стрючков Григорий,7,9,5,6,5,10,9,10,8,7
2021-03-28,Стрючков Григорий,7,10,6,5,4,10,9,10,8,8
2021-04-04,Стрючков Григорий,8,9,4,5,5,10,9,9,9,6
2021-04-11,Стрючков Григорий,7,9,6,5,6,10,9,10,9,7
2021-04-18,Стрючков Григорий,6,9,5,6,4,9,10,9,9,6
2021-03-21,Таня В,4,7,9,8,5,3,3,8,7,10
2021-03-28,Таня В,7,9,9,9,9,2,2,7,4,10
2021-04-04,Таня В,4,8,8,6,7,2,3,6,4,9
2021-04-11,Таня В,4,4,8,7,9,2,2,9,5,9
2021-04-18,Таня В,3,7,7,7,8,2,2,7,4,9
2021-03-21,Тарасов М.Д.,4,8,10,8,3,8,7,9,8,8
2021-03-28,Тарасов М.Д.,5,7,10,7,3,9,8,9,9,7
2021-04-04,Тарасов М.Д.,4,9,9,8,4,8,8,10,8,8
2021-04-11,Тарасов М.Д.,5,9,9,7,4,7,6,10,7,8
2021-04-18,Тарасов М.Д.,4,8,9,7,2,7,8,9,8,9
2021-03-21,Филипенко Ирина Сергеевна ,4,4,5,4,3,6,3,6,5,8
2021-03-28,Филипенко Ирина Сергеевна ,5,3,4,4,4,5,2,7,5,9
2021-04-04,Филипенко Ирина Сергеевна ,5,5,6,3,4,6,2,6,4,9
2021-04-11,Филипенко Ирина Сергеевна ,3,3,5,3,2,6,4,5,5,8
2021-04-18,Филипенко Ирина Сергеевна ,5,4,4,3,2,6,3,6,4,8
2021-03-21,Халафов Джамал Назирович,6,7,8,7,7,6,7,6,8,5
2021-03-28,Халафов Джамал Назирович,6,7,9,8,7,6,8,5,7,5
2021-04-04,Халафов Джамал Назирович,6,8,8,6,6,5,6,6,9,6
2021-04-11,Халафов Джамал Назирович,7,6,8,6,7,5,6,7,9,6
2021-04-18,Халафов Джамал Назирович,5,7,9,6,8,5,8,7,9,6
2021-03-21,Чучелов Никита,8,7,7,8,3,5,6,5,6,8
2021-03-28,Чучелов Никита,6,5,6,7,4,5,8,6,4,5
2021-04-04,Чучелов Никита,5,8,6,4,9,5,4,2,6,8
2021-04-11,Чучелов Никита,7,7,6,7,6,4,5,5,5,8
2021-04-18,Чучелов Никита,6,7,8,7,5,5,7,5,6,8
2021-03-21,Шустов Олег Евгеньевич,7,8,7,6,7,7,8,7,9,7
2021-03-28,Шустов Олег Евгеньевич,6,9,8,6,7,6,8,7,8,8
2021-04-04,Шустов Олег Евгеньевич,6,7,8,6,7,8,7,8,9,7
2021-04-11,Шустов Олег Евгеньевич,6,9,8,5,6,7,9,6,9,6
2021-04-18,Шустов Олег Евгеньевич,6,8,6,6,8,7,8,7,9,6
2021-03-21,Юра,8,6,4,7,4,7,6,8,5,8
2021-03-28,Юра,9,7,4,8,3,8,7,9,4,9
2021-04-04,Юра,9,7,4,7,5,7,5,7,6,7
2021-04-11,Юра,8,6,3,8,3,7,6,7,5,8
2021-04-18,Юра,7,7,5,6,3,7,7,8,4,8
2021-03-21,Я твоя тень,9,6,3,6,7,8,8,7,8,10
2021-03-28,Я твоя тень,8,8,3,7,7,8,8,7,8,8
2021-04-04,Я твоя тень,9,8,3,6,6,7,8,6,8,8
2021-04-11,Я твоя тень,7,7,2,8,7,7,7,7,9,7
2021-04-18,Я твоя тень,8,8,3,6,5,7,8,5,9,9
2021-03-21,Явившаяся из темных измерений безнадежная табуретка,7,8,9,9,2,7,8,9,8,10
2021-03-28,Явившаяся из темных измерений безнадежная табуретка,8,9,10,10,3,7,8,9,9,10
2021-04-04,Явившаяся из темных измерений безнадежная табуретка,7,8,9,10,2,6,7,8,8,10
2021-04-11,Явившаяся из темных измерений безнадежная табуретка,7,7,9,10,3,7,7,9,8,9
2021-04-18,Явившаяся из темных измерений безнадежная табуретка,6,7,8,10,1,6,7,8,7,10
2021-03-21,а,6,6,6,6,6,6,6,6,6,6
2021-03-28,а,6,5,5,6,6,5,7,6,6,6
2021-04-04,а,6,6,6,6,5,6,5,6,7,6
2021-04-11,а,6,7,5,7,5,7,6,6,7,5
2021-04-18,а,5,5,7,6,5,5,7,5,7,5
2021-03-21,королева гномов ,7,9,6,9,5,7,4,10,8,9
2021-03-28,королева гномов ,8,8,7,8,4,8,5,10,7,8
2021-04-04,королева гномов ,6,10,5,8,5,8,4,9,8,10
2021-04-11,королева гномов ,6,9,7,8,6,8,3,10,9,9
2021-04-18,королева гномов ,8,8,5,10,5,8,4,10,8,8
2021-03-21,кутузов дмитрий александрович,6,7,5,7,5,7,7,5,8,6
2021-03-28,кутузов дмитрий александрович,5,8,4,8,6,8,7,6,7,5
2021-04-04,кутузов дмитрий александрович,5,8,5,7,6,8,7,4,9,5
2021-04-11,кутузов дмитрий александрович,7,6,6,8,4,6,8,4,9,7
2021-04-18,кутузов дмитрий александрович,5,6,4,7,4,8,8,6,7,7
2021-03-21,юля,8,8,7,8,4,3,7,4,8,9
2021-03-28,юля,8,8,7,8,7,3,7,4,8,8
2021-04-04,юля,7,7,7,8,4,5,7,4,7,7
2021-04-11,юля,6,7,6,9,4,3,7,3,7,9
2021-04-18,юля,6,7,8,8,5,3,6,4,7,9