0.573981 0.463720 0.657574 0.723844 0.526205 0.445179 0.475515 0.648812 0.606803 0.820786 0.574414 0.626367 0.585768
0.529778 0.424206 0.614435 0.655239 0.503076 0.373247 0.339385 0.668383 0.614940 0.742703 0.497753 0.593008 0.621927
0.579770 0.472511 0.694513 0.664501 0.498487 0.414634 0.509838 0.630120 0.626194 0.783424 0.575737 0.613068 0.615361
0.609537 0.500002 0.721977 0.732833 0.502234 0.409069 0.507199 0.639831 0.675866 0.775904 0.603495 0.624721 0.634127
0.641488 0.502161 0.668655 0.657239 0.499427 0.424149 0.422398 0.656199 0.695209 0.717885 0.578911 0.613090 0.618283
0.902103 0.777671 0.741992 0.783055 0.493397 0.740861 0.782119 0.845514 0.942598 0.740697 0.842298 0.786932 0.492401
0.837978 0.722054 0.723434 0.733237 0.474410 0.679865 0.715856 0.843515 0.905237 0.698209 0.780393 0.751339 0.517815
0.890023 0.732807 0.712539 0.741143 0.516920 0.743889 0.723701 0.805685 0.941988 0.730005 0.810350 0.753830 0.484572
0.922984 0.793857 0.744580 0.755984 0.451875 0.720952 0.797015 0.800489 0.963196 0.635584 0.851793 0.748365 0.508984
0.835345 0.713943 0.681595 0.705177 0.478459 0.662338 0.663183 0.776729 0.902392 0.690449 0.757663 0.725731 0.519395
0.729671 0.532034 0.476941 0.427139 0.458095 0.444222 0.221900 0.498162 0.635575 0.619889 0.516833 0.548229 0.555970
0.583543 0.516751 0.541369 0.648360 0.403966 0.453807 0.459078 0.570225 0.658093 0.468297 0.559167 0.518257 0.567608
0.526412 0.393784 0.531365 0.647649 0.494180 0.461879 0.398815 0.655092 0.404289 0.588376 0.512380 0.530554 0.510004
0.568665 0.632591 0.461257 0.418744 0.375712 0.438990 0.400800 0.699135 0.557377 0.460297 0.488321 0.600866 0.540333
0.550943 0.626973 0.414439 0.415870 0.422034 0.421671 0.210117 0.533904 0.636337 0.590752 0.421680 0.588186 0.557153
0.628096 0.528879 0.554284 0.588755 0.404533 0.507628 0.602687 0.514102 0.626171 0.567222 0.612605 0.535949 0.531514
0.683224 0.614912 0.572530 0.639978 0.422804 0.590349 0.659617 0.567233 0.697847 0.643200 0.667493 0.609095 0.499866
0.681487 0.582493 0.600890 0.665577 0.454335 0.586173 0.648011 0.618370 0.691492 0.654131 0.668262 0.614748 0.506773
0.721747 0.619323 0.619536 0.612908 0.399941 0.552150 0.611676 0.658400 0.762191 0.576400 0.666958 0.618169 0.545055
0.643212 0.550257 0.483522 0.672450 0.449422 0.613981 0.599112 0.536838 0.617109 0.626703 0.635829 0.569165 0.451738
0.669490 0.593333 0.709390 0.697673 0.440923 0.390077 0.466895 0.620190 0.753817 0.732484 0.614348 0.643136 0.658595
0.692970 0.543329 0.615322 0.722843 0.498060 0.530448 0.480160 0.639041 0.764529 0.771731 0.635101 0.640563 0.557701
0.620668 0.551429 0.663584 0.757757 0.451809 0.470472 0.572105 0.629109 0.680044 0.750937 0.633517 0.634585 0.586442
0.658914 0.512374 0.631748 0.640946 0.474537 0.482019 0.500654 0.587963 0.678222 0.724152 0.607843 0.598584 0.572783
0.655354 0.493330 0.625601 0.672489 0.510139 0.501847 0.441232 0.636423 0.667328 0.788430 0.594545 0.624788 0.557478
0.820675 0.695569 0.681223 0.672271 0.479106 0.632939 0.721122 0.565505 0.790530 0.708580 0.761128 0.660453 0.514587
0.793679 0.661662 0.684373 0.724048 0.515282 0.649343 0.698072 0.645061 0.761104 0.746812 0.751071 0.682227 0.499490
0.763670 0.735615 0.697170 0.682159 0.483028 0.588168 0.690770 0.609972 0.785270 0.761067 0.725498 0.705558 0.543588
0.805253 0.667834 0.622471 0.678571 0.518599 0.687346 0.644000 0.602766 0.814945 0.721288 0.731541 0.664350 0.475075
0.806112 0.657992 0.635656 0.685673 0.465392 0.618681 0.662635 0.544192 0.816169 0.640175 0.738981 0.618507 0.519157
0.610969 0.574818 0.570404 0.572048 0.387119 0.425566 0.477984 0.489802 0.653206 0.668841 0.563289 0.577520 0.589382
0.614750 0.597260 0.636896 0.656036 0.407639 0.421596 0.542016 0.486421 0.694930 0.743110 0.601187 0.607763 0.613408
0.656874 0.578487 0.616013 0.655033 0.440122 0.467278 0.506061 0.478629 0.722522 0.762466 0.611262 0.603723 0.587340
0.510003 0.466057 0.518094 0.557290 0.389385 0.321667 0.352693 0.445208 0.537564 0.702287 0.472268 0.530671 0.618132
0.538105 0.509349 0.592306 0.640415 0.406018 0.356667 0.433450 0.486748 0.596822 0.741109 0.527171 0.572097 0.623825
0.650777 0.520363 0.517655 0.597174 0.454078 0.567116 0.552948 0.523787 0.593379 0.607642 0.610708 0.547574 0.481937
0.727523 0.532178 0.529690 0.603157 0.486856 0.630972 0.537902 0.574313 0.683343 0.577196 0.645764 0.558324 0.464024
0.658683 0.491879 0.498126 0.665088 0.475696 0.636123 0.625044 0.491110 0.557849 0.684779 0.649872 0.549518 0.429521
0.641374 0.545054 0.581416 0.693547 0.468212 0.576967 0.632098 0.557281 0.624219 0.662536 0.649026 0.583967 0.494947
0.655556 0.505322 0.565165 0.614037 0.448488 0.577885 0.599924 0.590573 0.601094 0.580995 0.630563 0.553599 0.486521
0.302352 0.531636 0.267248 0.787388 0.380134 0.351783 0.298755 0.423820 0.495670 0.694159 0.398280 0.548048 0.541514
0.659325 0.545325 0.636174 0.639252 0.388275 0.478481 0.637117 0.492333 0.655452 0.747465 0.648648 0.590069 0.571236
0.747937 0.495137 0.628922 0.773619 0.582179 0.750922 0.777076 0.477573 0.590908 0.813686 0.761815 0.585432 0.393413
0.507137 0.536086 0.557252 0.677139 0.523222 0.595656 0.693156 0.652398 0.489429 0.867690 0.596943 0.670461 0.451942
0.452837 0.253481 0.388780 0.572554 0.482145 0.520846 0.533649 0.292161 0.363124 0.630446 0.501024 0.378175 0.437873
0.494559 0.721148 0.483137 0.623886 0.333340 0.447770 0.545009 0.609324 0.667445 0.562792 0.535560 0.640094 0.561454
0.632285 0.711896 0.458358 0.581428 0.487266 0.594559 0.492070 0.604596 0.632720 0.762753 0.580049 0.694963 0.461480
0.551305 0.691563 0.465677 0.622263 0.390178 0.541138 0.582502 0.587808 0.585857 0.635201 0.574856 0.643528 0.485624
0.523752 0.758626 0.516074 0.583488 0.375608 0.465350 0.527601 0.656607 0.647027 0.688544 0.536854 0.706996 0.553410
0.521903 0.688294 0.393488 0.603004 0.423920 0.539812 0.509634 0.544592 0.556002 0.693150 0.534442 0.646640 0.466011
0.612137 0.594354 0.531360 0.573468 0.429218 0.537978 0.606395 0.508662 0.570075 0.621871 0.602680 0.576901 0.497500
0.561403 0.560321 0.466956 0.556086 0.432697 0.559425 0.578408 0.523833 0.492431 0.642818 0.565441 0.574124 0.456222
0.625507 0.576809 0.591514 0.620318 0.444667 0.534103 0.679519 0.476592 0.544289 0.690103 0.640673 0.580732 0.506699
0.647830 0.601150 0.523353 0.547384 0.441143 0.576777 0.583776 0.542900 0.595860 0.664799 0.608525 0.602770 0.477776
0.577002 0.572644 0.506920 0.492652 0.388161 0.489063 0.574601 0.457793 0.559838 0.545709 0.559412 0.530108 0.519913
1.011662 0.940613 0.847412 0.928774 0.565010 0.852395 0.936104 0.873113 1.002833 0.909295 0.972417 0.910967 0.458612
0.958493 0.895513 0.824018 0.914414 0.545889 0.801548 0.931011 0.800886 0.972759 0.886401 0.941432 0.864391 0.478427
0.993701 0.914141 0.797016 0.857087 0.557187 0.833375 0.860845 0.850323 0.993973 0.834489 0.926521 0.871100 0.458173
0.977439 0.884749 0.795343 0.901903 0.563910 0.845483 0.909922 0.824025 0.941488 0.855436 0.942077 0.857738 0.440076
0.987187 0.924208 0.845130 0.921721 0.554008 0.831863 0.909151 0.872039 0.989021 0.898404 0.950683 0.900816 0.467713
0.747623 0.716149 0.616511 0.643624 0.435497 0.575264 0.599659 0.636219 0.764893 0.574425 0.682434 0.649653 0.531123
0.738723 0.675401 0.601284 0.704316 0.455707 0.598665 0.647500 0.545494 0.762444 0.645693 0.704474 0.627516 0.513546
0.711540 0.688229 0.650335 0.610880 0.397834 0.484792 0.572608 0.638366 0.745982 0.528372 0.649729 0.625313 0.588388
0.776346 0.671083 0.602139 0.605312 0.457147 0.628308 0.624910 0.620050 0.755002 0.567888 0.696708 0.624815 0.494443
0.722896 0.755228 0.638228 0.610975 0.401958 0.568976 0.670035 0.622098 0.761791 0.552871 0.684654 0.654582 0.538618
0.840641 0.781117 0.822622 0.894291 0.537084 0.710888 0.901179 0.732165 0.783145 0.924670 0.869533 0.809497 0.494621
0.737286 0.600320 0.697587 0.815657 0.530841 0.601845 0.696892 0.591878 0.675999 0.853029 0.740842 0.673600 0.513610
0.881749 0.783516 0.779134 0.766955 0.520411 0.641951 0.670075 0.788395 0.883152 0.745817 0.795288 0.773670 0.547286
0.740636 0.775249 0.731578 0.858489 0.502773 0.609967 0.761505 0.687588 0.742029 0.845338 0.770467 0.769977 0.528741
0.711795 0.647838 0.549979 0.773767 0.521737 0.692419 0.685920 0.578090 0.650833 0.890405 0.716427 0.699684 0.424711
0.746336 0.753413 0.655399 0.704522 0.448202 0.585510 0.635652 0.707946 0.795519 0.648914 0.704768 0.708423 0.538877
0.718662 0.647982 0.552404 0.686482 0.498515 0.609992 0.507489 0.694252 0.727356 0.736160 0.648874 0.688316 0.489957
0.710724 0.669117 0.567678 0.786795 0.508745 0.658540 0.678260 0.605755 0.682519 0.770539 0.716199 0.680535 0.454915
0.675015 0.660196 0.581375 0.720960 0.491588 0.579478 0.602655 0.579172 0.710316 0.856502 0.662496 0.694781 0.510652
0.374264 0.412881 0.383626 0.393611 0.396371 0.289255 0.309505 0.352809 0.332844 0.632924 0.358706 0.460872 0.569741
0.375886 0.383756 0.349125 0.316694 0.388416 0.303213 0.254412 0.389259 0.297861 0.530355 0.327605 0.429387 0.547469
0.460691 0.451197 0.416798 0.364867 0.403454 0.293354 0.263686 0.375461 0.431372 0.627769 0.382425 0.481447 0.593622
0.345769 0.457961 0.410793 0.361824 0.363939 0.240443 0.346086 0.312944 0.364693 0.639132 0.349075 0.468807 0.610832
0.351378 0.429504 0.353811 0.385658 0.394355 0.316127 0.346408 0.321658 0.321960 0.680429 0.356743 0.472428 0.545478
0.435159 0.571778 0.408803 0.473705 0.405194 0.421201 0.289185 0.590090 0.476228 0.634094 0.399076 0.595966 0.524285
0.491804 0.582663 0.418039 0.447778 0.414899 0.480960 0.295411 0.649151 0.560425 0.592812 0.424081 0.605654 0.507117
0.372063 0.547909 0.432222 0.510040 0.395155 0.414175 0.365032 0.584223 0.442043 0.625068 0.397549 0.581951 0.526348
0.415003 0.568441 0.423085 0.561114 0.416921 0.484592 0.446758 0.565853 0.424831 0.674465 0.453752 0.599472 0.478828
0.465361 0.618089 0.354037 0.476674 0.411512 0.489625 0.299396 0.604983 0.486889 0.616033 0.417834 0.613541 0.474410
0.509907 0.520427 0.519827 0.688558 0.442598 0.507647 0.674850 0.443809 0.455224 0.817251 0.595120 0.586489 0.490422
0.634969 0.797793 0.507148 0.618655 0.456980 0.670265 0.724720 0.484693 0.621061 0.733319 0.658632 0.684521 0.423483
0.756077 0.802780 0.769442 0.644368 0.437609 0.498233 0.581286 0.791071 0.852250 0.729491 0.681298 0.777281 0.625398
0.627494 0.582246 0.614627 0.776315 0.463668 0.527634 0.673437 0.455498 0.651950 0.748223 0.671041 0.594015 0.536735
0.771897 0.741019 0.628995 0.807099 0.456094 0.721744 0.814692 0.677567 0.776411 0.771625 0.791776 0.731165 0.448035
0.663423 0.624487 0.596959 0.636554 0.439433 0.543134 0.609556 0.561350 0.681457 0.659169 0.641889 0.615951 0.529803
0.786343 0.724522 0.670890 0.750222 0.519424 0.679409 0.678894 0.704271 0.785979 0.733132 0.746884 0.721030 0.483729
0.685971 0.651337 0.607397 0.657332 0.450759 0.568065 0.603904 0.611212 0.731640 0.656044 0.655623 0.640712 0.526968
0.691163 0.654724 0.632381 0.650369 0.445023 0.562072 0.639602 0.633987 0.695302 0.651459 0.667536 0.647523 0.528293
0.666049 0.632721 0.608753 0.656077 0.453538 0.565749 0.622583 0.593227 0.681241 0.664503 0.651015 0.630407 0.518549
0.666163 0.600141 0.636441 0.730723 0.455412 0.576572 0.621662 0.706777 0.669482 0.718987 0.665725 0.667786 0.515242
0.685222 0.584740 0.592937 0.686507 0.485859 0.601726 0.619361 0.604916 0.689972 0.725516 0.665721 0.633026 0.495546
0.735438 0.656439 0.647368 0.713916 0.464836 0.617980 0.680995 0.653983 0.721086 0.720912 0.714801 0.675044 0.502903
0.645172 0.646584 0.613071 0.665934 0.427955 0.597677 0.699009 0.666163 0.669277 0.694285 0.665475 0.666768 0.497864
0.698527 0.584505 0.630111 0.624221 0.449521 0.592577 0.635746 0.675500 0.669213 0.682359 0.664832 0.641160 0.504319
0.715135 0.681538 0.619595 0.611390 0.376420 0.595481 0.711301 0.538402 0.735498 0.505739 0.693236 0.585857 0.513730
0.723175 0.703745 0.552124 0.660108 0.455786 0.703571 0.664957 0.769994 0.659367 0.678892 0.693096 0.716164 0.420156
0.711909 0.676416 0.563683 0.633039 0.401490 0.656111 0.700975 0.592895 0.721519 0.602154 0.692855 0.629081 0.463374
0.711547 0.708969 0.565291 0.591786 0.388675 0.670615 0.712274 0.702392 0.674413 0.530085 0.687813 0.653331 0.445571
0.699768 0.702814 0.529727 0.600300 0.393594 0.634048 0.655234 0.590536 0.663768 0.578481 0.666514 0.631831 0.458271
0.537272 0.531611 0.465592 0.539408 0.425364 0.444270 0.495229 0.430561 0.512450 0.585486 0.525087 0.517459 0.529046
0.521214 0.550939 0.498203 0.532425 0.431284 0.432613 0.542972 0.429510 0.506920 0.627871 0.529984 0.537590 0.541457
0.561954 0.619155 0.522973 0.510475 0.392536 0.427964 0.525361 0.501416 0.572533 0.589880 0.540680 0.575051 0.562322
0.557525 0.514417 0.523241 0.579429 0.435517 0.439629 0.559216 0.384172 0.535190 0.611627 0.562413 0.504507 0.547909
0.523381 0.496598 0.426704 0.470117 0.392167 0.419360 0.462933 0.365024 0.473243 0.487063 0.494594 0.454265 0.528373
0.788582 0.790657 0.698394 0.712773 0.480378 0.671029 0.750652 0.670215 0.759870 0.835150 0.762041 0.767872 0.489035
0.828451 0.822278 0.691364 0.704997 0.461707 0.720973 0.787282 0.706890 0.829076 0.743793 0.791409 0.764116 0.471505
0.820561 0.759546 0.687117 0.672685 0.514770 0.727567 0.739351 0.690700 0.746950 0.807585 0.766623 0.753304 0.450273
0.733477 0.718608 0.643737 0.712972 0.520801 0.684026 0.709574 0.666152 0.677927 0.886405 0.722205 0.753210 0.453917
0.775776 0.808504 0.670565 0.650206 0.451863 0.649405 0.751508 0.620419 0.758576 0.804286 0.743382 0.750813 0.496185
0.705721 0.737042 0.576266 0.632841 0.478868 0.617337 0.589254 0.703836 0.686757 0.789506 0.656205 0.742819 0.482203
0.805586 0.797451 0.753715 0.731035 0.453775 0.648616 0.799284 0.711236 0.772306 0.777802 0.788785 0.765692 0.516035
0.725310 0.754391 0.657216 0.651049 0.465269 0.630449 0.710661 0.691996 0.759361 0.755784 0.706063 0.736091 0.505046
0.727461 0.764736 0.683770 0.728582 0.475314 0.602329 0.650013 0.739992 0.743333 0.826142 0.704451 0.775735 0.524023
0.739560 0.719768 0.684759 0.696489 0.454305 0.623567 0.739739 0.667167 0.730524 0.757698 0.730999 0.715367 0.508916
0.715582 0.600147 0.590527 0.699064 0.482454 0.604727 0.565292 0.640655 0.701548 0.718314 0.667191 0.647750 0.495579
0.664196 0.610724 0.597791 0.719506 0.457365 0.596951 0.660388 0.667219 0.624399 0.698156 0.674115 0.653902 0.486268
0.732247 0.642786 0.640381 0.763179 0.489238 0.609024 0.558366 0.717010 0.743964 0.752743 0.686269 0.698040 0.511455
0.726806 0.605753 0.645010 0.757111 0.499443 0.607610 0.644113 0.608585 0.670893 0.820954 0.708059 0.671163 0.498615
0.740518 0.677594 0.665543 0.761162 0.439280 0.575900 0.678162 0.652326 0.713866 0.726216 0.725940 0.684600 0.530341
0.790561 0.790539 0.617010 0.559941 0.448390 0.603186 0.526023 0.825512 0.780180 0.598751 0.665076 0.743495 0.517527
0.609314 0.440646 0.664695 0.738388 0.480938 0.562519 0.730209 0.577838 0.578095 0.711152 0.671397 0.562956 0.511047
0.723376 0.513440 0.669613 0.605021 0.429602 0.499499 0.595131 0.567790 0.696496 0.589560 0.661231 0.552581 0.573522
0.533008 0.485793 0.502592 0.742827 0.472962 0.583997 0.643749 0.500756 0.504973 0.598383 0.608194 0.524059 0.451115
0.666704 0.750636 0.656202 0.525348 0.378500 0.395807 0.568207 0.572791 0.722471 0.699371 0.608884 0.681903 0.638251
0.802275 0.688113 0.716314 0.939646 0.573402 0.779145 0.877394 0.658513 0.880003 0.823829 0.852285 0.719948 0.451777
0.886113 0.826683 0.785793 0.780921 0.504348 0.681995 0.745896 0.765551 0.894192 0.767355 0.823009 0.790545 0.526800
0.883079 0.767692 0.711454 0.849383 0.534105 0.762873 0.793229 0.698039 0.929949 0.730286 0.849385 0.735574 0.470557
0.771962 0.654256 0.708382 0.847131 0.560523 0.714675 0.806509 0.636059 0.785435 0.795791 0.797360 0.691257 0.469958
0.874303 0.698786 0.753809 0.885924 0.560540 0.773839 0.820897 0.721771 0.890284 0.816779 0.860605 0.741079 0.464515
0.808537 0.691608 0.734023 0.753507 0.490219 0.633688 0.752401 0.686081 0.768671 0.723872 0.780690 0.699629 0.520326
0.727032 0.658987 0.726874 0.825811 0.487081 0.632274 0.831834 0.657501 0.672229 0.743064 0.778229 0.683764 0.500456
0.775911 0.614744 0.674995 0.680048 0.495640 0.608675 0.648325 0.669154 0.708835 0.669019 0.718462 0.647350 0.511561
0.831284 0.689513 0.775062 0.669410 0.448263 0.613506 0.793862 0.694751 0.762155 0.653414 0.787683 0.680255 0.539340
0.780137 0.660716 0.698590 0.703545 0.507099 0.588891 0.625724 0.662161 0.789315 0.695206 0.718495 0.671497 0.544247
0.699759 0.646882 0.692238 0.737032 0.415240 0.555752 0.731717 0.693147 0.696524 0.655702 0.716801 0.663408 0.544301
0.728525 0.660747 0.706017 0.788901 0.430186 0.584839 0.790675 0.687100 0.710336 0.679854 0.759245 0.674385 0.532367
0.702129 0.646287 0.701474 0.663011 0.378045 0.545240 0.752719 0.646739 0.719605 0.590603 0.709482 0.629717 0.557071
0.698928 0.704061 0.796885 0.797270 0.386260 0.512909 0.821770 0.744098 0.737233 0.669834 0.755449 0.705804 0.599078
0.693461 0.616798 0.686916 0.748296 0.451145 0.538448 0.634834 0.726286 0.723694 0.644857 0.686840 0.658062 0.559053
0.817016 0.714721 0.724714 0.767299 0.498471 0.636893 0.708769 0.696802 0.808968 0.762864 0.774598 0.723788 0.524600
0.768578 0.675635 0.651314 0.753911 0.490426 0.625157 0.650181 0.677752 0.728725 0.765380 0.730126 0.703194 0.500914
0.795766 0.730662 0.732342 0.767279 0.510127 0.631229 0.720814 0.672976 0.839777 0.809834 0.767583 0.737108 0.535686
0.904806 0.742289 0.717404 0.740546 0.518296 0.662093 0.621574 0.752532 0.898206 0.734357 0.786984 0.742982 0.525866
0.875957 0.723065 0.748178 0.765409 0.498014 0.676722 0.735580 0.718057 0.895468 0.730287 0.811735 0.723729 0.522696
0.827096 0.718459 0.749925 0.732729 0.473334 0.601650 0.723910 0.674573 0.823459 0.711629 0.777267 0.703244 0.553686
0.855977 0.734461 0.768102 0.726159 0.463711 0.640497 0.774725 0.741077 0.802567 0.670822 0.805638 0.717354 0.529836
0.767488 0.701564 0.732588 0.704792 0.453172 0.562260 0.743696 0.605883 0.793416 0.737016 0.747811 0.683495 0.567845
0.806896 0.760938 0.779597 0.716164 0.466690 0.568267 0.765930 0.642836 0.815362 0.783863 0.776460 0.732385 0.578031
0.773152 0.736461 0.733651 0.720012 0.481236 0.590729 0.758473 0.625626 0.748931 0.769745 0.758120 0.713195 0.542079
0.780146 0.731891 0.712470 0.742035 0.427504 0.604640 0.748903 0.721444 0.786370 0.677244 0.763151 0.712363 0.536984
0.732409 0.667501 0.660103 0.732062 0.395751 0.569004 0.745396 0.639548 0.716659 0.607380 0.736236 0.641079 0.533950
0.771752 0.780415 0.765660 0.762201 0.419509 0.573178 0.815399 0.669460 0.828887 0.721423 0.782936 0.729431 0.575003
0.791941 0.772990 0.730656 0.632957 0.373788 0.523505 0.669085 0.736480 0.841952 0.554768 0.723287 0.696571 0.600419
0.806551 0.760270 0.727410 0.751176 0.395155 0.607701 0.812973 0.718265 0.763128 0.674215 0.797403 0.721852 0.533487
0.716009 0.784598 0.660535 0.810299 0.480614 0.623264 0.736103 0.707745 0.720561 0.771746 0.740895 0.757687 0.502261
0.798946 0.772845 0.717291 0.837811 0.500954 0.642412 0.735521 0.711235 0.821541 0.784850 0.787692 0.757964 0.522319
0.654381 0.750398 0.577584 0.820802 0.485699 0.643690 0.704173 0.687076 0.631274 0.779595 0.702603 0.740161 0.455558
0.744497 0.742155 0.626548 0.853592 0.532563 0.690417 0.711064 0.709117 0.690552 0.790246 0.756286 0.746671 0.449170
0.613847 0.753320 0.607914 0.806765 0.480617 0.611500 0.724963 0.684951 0.611932 0.811089 0.685766 0.750140 0.477069
0.799605 0.728112 0.675669 0.808525 0.511367 0.666547 0.652085 0.734750 0.824107 0.828382 0.757133 0.760185 0.500027
0.842636 0.750148 0.684467 0.734866 0.473587 0.624985 0.572015 0.741063 0.898700 0.714591 0.739896 0.736755 0.541643
0.726512 0.705645 0.630561 0.840075 0.500687 0.622203 0.657883 0.641002 0.728995 0.868889 0.728636 0.735225 0.498589
0.726034 0.722380 0.688059 0.857455 0.484632 0.636649 0.752356 0.683941 0.737287 0.830747 0.760215 0.743358 0.503080
0.811272 0.743658 0.663961 0.713121 0.463319 0.648651 0.652549 0.699191 0.847519 0.723104 0.744025 0.724152 0.513105
0.833448 0.803853 0.628946 0.743304 0.490144 0.697932 0.651128 0.734535 0.844390 0.780232 0.760723 0.775972 0.475908
0.779882 0.772380 0.661617 0.621647 0.465161 0.614103 0.616253 0.628653 0.800567 0.761146 0.699146 0.725892 0.523975
0.699274 0.825314 0.731075 0.680750 0.438990 0.517150 0.690527 0.707579 0.772039 0.787050 0.692945 0.778514 0.590333
0.704486 0.768584 0.598790 0.728696 0.482029 0.638247 0.666672 0.644164 0.725760 0.809897 0.697984 0.743652 0.481962
0.714345 0.766321 0.624013 0.651706 0.427574 0.588559 0.692770 0.586308 0.709904 0.721782 0.695345 0.698956 0.513648
0.475882 0.518531 0.600677 0.708431 0.458523 0.298789 0.309793 0.681262 0.553629 0.749303 0.472565 0.636582 0.651588
0.473099 0.494836 0.596730 0.685223 0.473918 0.320938 0.333212 0.645112 0.563152 0.752702 0.473558 0.617279 0.639414
0.559930 0.546488 0.594500 0.672254 0.466343 0.326776 0.262790 0.711952 0.646227 0.674119 0.493253 0.634417 0.652080
0.491026 0.508425 0.551657 0.625615 0.454308 0.268264 0.200738 0.639582 0.606052 0.685414 0.430858 0.600869 0.670583
0.506691 0.537438 0.587825 0.673265 0.472291 0.307214 0.255411 0.700178 0.612609 0.751515 0.464622 0.650483 0.655758
0.806873 0.611124 0.584159 0.822962 0.514188 0.830703 0.947471 0.482797 0.784291 0.640478 0.852270 0.581432 0.375268
0.881087 0.729313 0.675496 0.859932 0.511829 0.855913 0.992730 0.577077 0.953752 0.637626 0.910349 0.656136 0.412302
0.829421 0.640488 0.617822 0.863783 0.526877 0.868888 0.993007 0.529075 0.839375 0.664488 0.885369 0.614264 0.370107
0.804997 0.674513 0.633273 0.814349 0.467709 0.800932 1.021362 0.450047 0.835976 0.619943 0.871777 0.590802 0.413290
0.881877 0.706732 0.658795 0.775111 0.473940 0.769955 0.863305 0.593247 0.951370 0.520455 0.854952 0.616804 0.460060
0.745915 0.654496 0.621333 0.721168 0.510702 0.644402 0.632727 0.689348 0.757927 0.767688 0.707009 0.698909 0.489211
0.702486 0.611460 0.608307 0.727461 0.540898 0.639380 0.623483 0.684511 0.687146 0.875927 0.683780 0.712715 0.475463
0.710791 0.602491 0.650076 0.674640 0.500440 0.573293 0.588904 0.680384 0.745179 0.771711 0.666994 0.676625 0.535075
0.770469 0.711459 0.602372 0.665824 0.480816 0.664831 0.640766 0.716777 0.776039 0.735009 0.710629 0.720119 0.476784
0.727717 0.694339 0.655093 0.713876 0.498645 0.621163 0.674625 0.726790 0.745688 0.819772 0.709021 0.741704 0.507458
0.644015 0.553229 0.589682 0.641920 0.475949 0.549488 0.595720 0.543037 0.588663 0.711515 0.629108 0.597657 0.505976
0.661445 0.533270 0.575914 0.651378 0.500009 0.590251 0.622301 0.481798 0.566104 0.795540 0.647688 0.596510 0.474253
0.562012 0.575702 0.610861 0.656496 0.434068 0.502563 0.709450 0.465079 0.504177 0.757603 0.625140 0.597085 0.521470
0.680866 0.573564 0.653391 0.621105 0.484127 0.556944 0.591530 0.631124 0.659532 0.688630 0.642113 0.625352 0.528418
0.642781 0.498464 0.556227 0.639852 0.510422 0.576178 0.563629 0.551940 0.542424 0.686149 0.618450 0.570812 0.474024
0.323617 0.355207 0.404306 0.260091 0.359990 0.137693 0.103544 0.550687 0.245356 0.515013 0.244890 0.461793 0.647317
0.668513 0.431201 0.614906 0.476955 0.475589 0.428288 0.428484 0.481780 0.586950 0.704393 0.558193 0.528332 0.583398
0.597222 0.456438 0.495301 0.548214 0.454657 0.564930 0.606801 0.373168 0.544105 0.581310 0.590294 0.468918 0.468923
0.676387 0.710980 0.570146 0.394865 0.362877 0.445115 0.352367 0.729208 0.814466 0.543130 0.522877 0.666094 0.609853
0.473272 0.447837 0.504615 0.465439 0.412602 0.370840 0.408793 0.543019 0.437874 0.558223 0.452362 0.509507 0.565994
0.576403 0.508885 0.553110 0.625808 0.434248 0.477829 0.601395 0.441392 0.632457 0.607466 0.593782 0.518211 0.550416
0.553026 0.461496 0.520615 0.663994 0.470541 0.495061 0.566115 0.435066 0.651525 0.622207 0.579146 0.501781 0.537391
0.528306 0.497939 0.549151 0.619839 0.417484 0.470433 0.624949 0.459439 0.646583 0.575944 0.575606 0.509790 0.556887
0.536262 0.509743 0.538039 0.658356 0.413650 0.453671 0.614357 0.369016 0.607249 0.639688 0.584109 0.506508 0.556855
0.648144 0.496992 0.551134 0.657904 0.479098 0.531117 0.536517 0.481118 0.712288 0.576191 0.616608 0.515989 0.534014
0.591582 0.488007 0.638338 0.709242 0.461432 0.464216 0.469014 0.677078 0.662108 0.525516 0.578344 0.555981 0.581559
0.671803 0.688230 0.388839 0.464931 0.411683 0.649987 0.490220 0.575381 0.640501 0.512140 0.575953 0.601548 0.415876
0.558863 0.515815 0.460136 0.457141 0.392120 0.412971 0.287397 0.615421 0.602579 0.429428 0.457079 0.519781 0.564760
0.616689 0.592650 0.543201 0.645560 0.458127 0.518492 0.453738 0.632683 0.672074 0.624556 0.573578 0.614232 0.531960
0.630584 0.592917 0.515837 0.482271 0.415237 0.463374 0.326729 0.634061 0.694181 0.491924 0.509765 0.574962 0.563979
0.573652 0.620335 0.632494 0.687294 0.424404 0.416450 0.613193 0.452980 0.661396 0.730880 0.608242 0.603292 0.608908
0.560967 0.666373 0.627738 0.622559 0.409739 0.349927 0.545309 0.415287 0.694111 0.707526 0.568588 0.603393 0.654414
0.520996 0.614477 0.664244 0.794863 0.445636 0.440165 0.732182 0.448120 0.582395 0.835549 0.639125 0.630892 0.585229
0.585567 0.652375 0.662976 0.737025 0.449899 0.476528 0.719600 0.450043 0.673152 0.775013 0.656069 0.628467 0.581309
0.599370 0.548923 0.608200 0.684367 0.452713 0.469071 0.588490 0.495190 0.637230 0.703362 0.613105 0.579135 0.567644
0.537821 0.544560 0.628411 0.647119 0.385200 0.336827 0.575622 0.451551 0.641093 0.648095 0.571021 0.547718 0.651805
0.457878 0.526845 0.565437 0.648835 0.370900 0.294196 0.515202 0.412520 0.580264 0.660548 0.513266 0.532658 0.652623
0.493738 0.527426 0.700891 0.651345 0.356293 0.285777 0.662116 0.471268 0.581700 0.629925 0.575773 0.541329 0.685052
0.547779 0.514991 0.667682 0.667786 0.371654 0.334643 0.623883 0.430258 0.617157 0.663882 0.594612 0.534238 0.656182
0.563449 0.551440 0.652781 0.638661 0.369356 0.287464 0.523860 0.437698 0.697937 0.588346 0.566615 0.528389 0.697665
0.591318 0.554828 0.608974 0.628908 0.430359 0.399652 0.511146 0.515060 0.670342 0.693154 0.574785 0.584395 0.616072
0.572128 0.519743 0.578546 0.650942 0.447244 0.437558 0.538029 0.525376 0.613467 0.704622 0.577661 0.576896 0.575868
0.565070 0.544423 0.609411 0.643496 0.434570 0.365080 0.461817 0.518927 0.689179 0.714586 0.549779 0.587823 0.640670
0.637092 0.610969 0.666575 0.596310 0.415375 0.433775 0.565680 0.605470 0.708924 0.659311 0.607512 0.623822 0.614835
0.602223 0.517427 0.609630 0.726789 0.479755 0.470476 0.568196 0.519201 0.672116 0.773538 0.616928 0.594793 0.574064
0.549640 0.508487 0.589938 0.696215 0.471227 0.477103 0.585226 0.512909 0.604092 0.750134 0.589631 0.582308 0.552544
0.569216 0.460351 0.535391 0.654391 0.491021 0.484602 0.503735 0.458840 0.576601 0.745481 0.566607 0.545436 0.531637
0.479416 0.435089 0.573588 0.599953 0.440526 0.362509 0.461404 0.499320 0.522562 0.684411 0.498119 0.529155 0.601725
0.554808 0.471476 0.594458 0.763893 0.494511 0.522231 0.671048 0.461325 0.611528 0.779284 0.631497 0.560773 0.527859
0.549826 0.493192 0.647361 0.755450 0.480289 0.487049 0.673466 0.517714 0.567423 0.798991 0.628043 0.592288 0.550727
0.540249 0.555751 0.557357 0.635560 0.425954 0.414208 0.513083 0.504040 0.590461 0.689509 0.551161 0.580365 0.581039
0.579471 0.635448 0.593392 0.627781 0.433136 0.436776 0.549451 0.529019 0.658878 0.741771 0.580127 0.635416 0.588389
0.567871 0.565144 0.602221 0.667923 0.425579 0.406582 0.523928 0.517288 0.649903 0.661455 0.574699 0.579681 0.606475
0.511129 0.582330 0.590727 0.626549 0.398083 0.327832 0.449705 0.518099 0.609065 0.717631 0.515786 0.603651 0.643259
0.503493 0.608775 0.607815 0.659717 0.391080 0.381903 0.598394 0.495120 0.613514 0.690379 0.563208 0.599160 0.615124
0.564954 0.482302 0.480033 0.541990 0.404133 0.506872 0.534664 0.501746 0.543840 0.528176 0.551274 0.501898 0.500652
0.527077 0.437090 0.461037 0.477584 0.380935 0.480448 0.517730 0.495880 0.487643 0.464256 0.514375 0.462877 0.501467
0.585589 0.522052 0.518324 0.525386 0.410778 0.499361 0.498190 0.550691 0.599954 0.581816 0.547329 0.548573 0.524039
0.488537 0.478748 0.442341 0.511450 0.394258 0.472309 0.490964 0.524488 0.446457 0.528115 0.493848 0.507280 0.494374
0.597575 0.515527 0.508862 0.539703 0.409841 0.514901 0.555696 0.490886 0.610354 0.498524 0.573437 0.503034 0.514903
0.851596 0.729164 0.831472 0.822649 0.499389 0.682160 0.891605 0.682220 0.811064 0.776883 0.857809 0.729397 0.519211
0.889556 0.740999 0.852209 0.783200 0.523623 0.669301 0.794550 0.728560 0.875727 0.792915 0.839783 0.752842 0.544006
0.896133 0.728695 0.815375 0.827135 0.527677 0.734477 0.895437 0.696011 0.795362 0.825287 0.882125 0.747867 0.481461
0.855743 0.703375 0.841231 0.820725 0.492437 0.685545 0.885786 0.751399 0.811791 0.722325 0.857753 0.723467 0.519277
0.904890 0.740619 0.821067 0.702319 0.458640 0.634235 0.762683 0.726766 0.890312 0.648280 0.821714 0.708762 0.561735
0.675095 0.683315 0.700435 0.558446 0.384127 0.425131 0.541120 0.643806 0.696231 0.698692 0.611572 0.676075 0.624255
0.583729 0.688362 0.638597 0.585915 0.378880 0.278797 0.320879 0.617635 0.685435 0.754513 0.505311 0.686989 0.697528
0.588505 0.538972 0.467093 0.599081 0.433432 0.500702 0.443571 0.557790 0.614088 0.551545 0.547140 0.548390 0.515815
0.489541 0.528594 0.542543 0.468274 0.428778 0.375556 0.467627 0.470412 0.456922 0.741980 0.478713 0.575155 0.574560
0.630783 0.578229 0.552713 0.529551 0.428090 0.427982 0.398141 0.503638 0.619027 0.719177 0.540744 0.598136 0.577559
0.584868 0.549831 0.495237 0.642002 0.429260 0.562853 0.622113 0.470532 0.591241 0.653639 0.607468 0.557184 0.479584
0.585424 0.542530 0.491462 0.645845 0.400319 0.542602 0.631582 0.480450 0.587860 0.568380 0.611355 0.531661 0.490303
0.606859 0.581470 0.486226 0.638895 0.468165 0.594783 0.555806 0.514061 0.639904 0.708636 0.597950 0.599397 0.468356
0.560108 0.594645 0.491226 0.611103 0.426989 0.516341 0.578856 0.420797 0.616669 0.704097 0.575931 0.575326 0.511774
0.572721 0.505413 0.524045 0.726729 0.463025 0.564628 0.654112 0.470629 0.577815 0.746311 0.627940 0.567247 0.481595
0.813937 0.596273 0.566618 0.534078 0.518655 0.777286 0.673101 0.630194 0.849350 0.562556 0.715714 0.596334 0.416822
0.733624 0.573166 0.504484 0.518074 0.515555 0.763439 0.675887 0.576596 0.754749 0.607457 0.673193 0.584482 0.393783
0.778181 0.620377 0.574938 0.543986 0.510921 0.738179 0.630704 0.698487 0.813282 0.568074 0.687099 0.628119 0.434737
0.811042 0.590345 0.555862 0.565078 0.514231 0.763349 0.657989 0.569613 0.887992 0.575845 0.715933 0.579775 0.430761
0.782730 0.556365 0.575243 0.501879 0.497302 0.722276 0.638169 0.612753 0.794183 0.554792 0.683192 0.572809 0.440519
0.629094 0.642132 0.592782 0.491420 0.377721 0.503507 0.678602 0.585886 0.551105 0.636354 0.616412 0.623525 0.526673
0.528914 0.570139 0.509849 0.548094 0.406492 0.455038 0.527149 0.517794 0.551913 0.622177 0.532221 0.570047 0.539330
0.598101 0.598232 0.514466 0.549860 0.418592 0.530453 0.544247 0.506335 0.647900 0.620980 0.572297 0.577487 0.514201
0.530364 0.605039 0.461001 0.448086 0.392858 0.457534 0.480184 0.489028 0.518322 0.650747 0.498855 0.583948 0.521344
0.572296 0.557426 0.500931 0.530857 0.394523 0.502028 0.586451 0.419819 0.600747 0.645133 0.568255 0.542456 0.519119
0.645852 0.568505 0.595527 0.653058 0.422331 0.441211 0.468554 0.582914 0.697035 0.717433 0.594104 0.617506 0.593786
0.688501 0.601313 0.655213 0.745833 0.459457 0.496744 0.544006 0.617073 0.762787 0.779415 0.656619 0.659471 0.585553
0.621649 0.608531 0.610967 0.646044 0.392481 0.387701 0.485952 0.539513 0.723983 0.709769 0.585819 0.618197 0.634370
0.644945 0.569974 0.623071 0.604822 0.429960 0.368849 0.360079 0.591715 0.737670 0.745753 0.551461 0.629230 0.650839
0.652726 0.617502 0.610984 0.593381 0.420647 0.362354 0.346847 0.603756 0.735219 0.740756 0.549093 0.650354 0.651828
0.813440 0.687360 0.681634 0.728893 0.517132 0.688438 0.680707 0.668399 0.817064 0.716724 0.756711 0.690481 0.486677
0.804575 0.605678 0.668823 0.773501 0.552298 0.708450 0.688132 0.627455 0.770709 0.739466 0.763427 0.652348 0.462836
0.764012 0.534610 0.590341 0.717707 0.533728 0.742282 0.666080 0.622174 0.711725 0.650818 0.725371 0.595742 0.415044
0.754524 0.586548 0.636525 0.645273 0.500584 0.654534 0.673662 0.572985 0.715305 0.645457 0.708415 0.600152 0.477646
0.784146 0.639580 0.708856 0.774161 0.503185 0.692376 0.778971 0.644706 0.765767 0.706465 0.780597 0.661183 0.479499
0.086102 0.104481 0.112675 0.158607 0.271147 0.075036 0.044557 0.131205 0.080938 0.306937 0.088140 0.173235 0.593701
0.117097 0.105579 0.134021 0.162633 0.292615 0.080154 0.027229 0.158510 0.098347 0.330871 0.099244 0.189046 0.598382
0.143084 0.115654 0.141442 0.187063 0.278567 0.105064 0.062932 0.164433 0.116097 0.303353 0.127834 0.186598 0.588470
0.094515 0.162756 0.138338 0.165953 0.263198 0.075926 0.084120 0.140853 0.085475 0.329850 0.105684 0.206313 0.599207
0.159346 0.145046 0.143116 0.142248 0.271843 0.092956 0.013855 0.190732 0.168583 0.282406 0.112279 0.199960 0.606566
0.514401 0.494082 0.486395 0.494304 0.402728 0.400549 0.430028 0.496557 0.503208 0.576029 0.485070 0.519408 0.557591
0.471705 0.469582 0.427736 0.494472 0.404601 0.368139 0.341534 0.469321 0.506228 0.569550 0.437207 0.499494 0.565909
0.444086 0.456698 0.461484 0.513403 0.390508 0.343578 0.431737 0.404000 0.415052 0.582903 0.454245 0.478750 0.569160
0.532651 0.523597 0.455292 0.461730 0.428264 0.422014 0.352725 0.518631 0.550330 0.557214 0.464489 0.532192 0.547916
0.496034 0.493009 0.425106 0.433966 0.413863 0.375357 0.320396 0.429628 0.490261 0.602458 0.430929 0.506829 0.557859
0.819272 0.526797 0.647268 0.788642 0.564179 0.748257 0.677109 0.770365 0.725957 0.694051 0.770497 0.650044 0.425691
0.882232 0.710789 0.671161 0.786043 0.524971 0.777060 0.776113 0.757584 0.805596 0.731378 0.831159 0.731004 0.429115
0.811248 0.585829 0.662485 0.773458 0.519544 0.699850 0.716020 0.719909 0.806664 0.631251 0.775122 0.639680 0.473920
0.860044 0.623084 0.672486 0.779649 0.526660 0.759353 0.759698 0.765904 0.838011 0.606694 0.813861 0.661013 0.446488
0.847057 0.692237 0.631342 0.766621 0.502032 0.719675 0.668549 0.755715 0.857390 0.658873 0.777418 0.701271 0.465942
0.778502 0.728895 0.693912 0.842797 0.533713 0.686808 0.823700 0.627383 0.736792 0.917394 0.804920 0.754991 0.474056
0.813389 0.690348 0.676009 0.711270 0.494202 0.635678 0.706152 0.652751 0.768424 0.762068 0.760794 0.700585 0.507480
0.657330 0.613760 0.658244 0.783867 0.507797 0.545955 0.683706 0.646372 0.651393 0.845506 0.690550 0.693068 0.534355
0.779141 0.688216 0.691879 0.742785 0.505807 0.627274 0.719179 0.677774 0.741878 0.784247 0.753881 0.713893 0.510387
0.786989 0.700582 0.644819 0.737790 0.512696 0.623096 0.622752 0.690888 0.775187 0.795329 0.727878 0.726098 0.510144
0.765776 0.652401 0.635280 0.709442 0.498054 0.570402 0.536883 0.682976 0.763100 0.791375 0.685841 0.703266 0.537435
0.749482 0.665787 0.671433 0.731189 0.481024 0.594394 0.644987 0.692419 0.762564 0.753233 0.714475 0.700011 0.530163
0.755360 0.675055 0.646012 0.715171 0.462057 0.620296 0.662316 0.671968 0.771485 0.712453 0.719409 0.685348 0.511322
0.734935 0.676271 0.685959 0.721540 0.460532 0.573862 0.650292 0.699801 0.756070 0.730074 0.706863 0.699471 0.544089
0.771242 0.640728 0.609160 0.697208 0.477871 0.599813 0.514302 0.710121 0.811174 0.701396 0.679353 0.679746 0.524179
0.364371 0.443492 0.390650 0.531912 0.435271 0.396867 0.415790 0.456118 0.311642 0.859356 0.413305 0.572039 0.502338
0.269493 0.265208 0.230442 0.267174 0.310097 0.181125 0.142318 0.183077 0.319742 0.375408 0.230877 0.273629 0.601362
0.728372 0.719692 0.592454 0.621386 0.490601 0.612701 0.586392 0.622374 0.670973 0.754538 0.664381 0.700950 0.485065
0.195310 0.300156 0.216607 0.231511 0.271536 0.164669 0.192184 0.250336 0.228597 0.412236 0.201613 0.318834 0.590240
0.377996 0.364307 0.352444 0.434623 0.397000 0.287654 0.245166 0.384063 0.364679 0.636781 0.349473 0.451976 0.570832
0.878500 0.740384 0.769262 0.643966 0.426314 0.584604 0.721918 0.626215 0.878802 0.727238 0.784619 0.702189 0.578850
0.844251 0.692645 0.744735 0.647424 0.439691 0.545633 0.672936 0.572837 0.853949 0.774954 0.753491 0.681395 0.592357
0.829728 0.738767 0.731873 0.674655 0.411748 0.579231 0.744441 0.577388 0.801224 0.732297 0.773127 0.688412 0.559081
0.854612 0.699601 0.768187 0.696110 0.452741 0.588829 0.754091 0.629599 0.813551 0.719711 0.792755 0.684633 0.563050
0.864426 0.695521 0.742540 0.581276 0.435731 0.559147 0.652080 0.555701 0.880495 0.711987 0.744092 0.658515 0.589118
0.893221 0.825662 0.800771 0.813599 0.560439 0.736798 0.791447 0.758984 0.860441 0.944999 0.846764 0.841460 0.490164
0.908803 0.839263 0.788594 0.857810 0.567636 0.766453 0.814334 0.793397 0.858469 0.922641 0.870264 0.850517 0.469541
0.929356 0.866114 0.801764 0.857810 0.564856 0.762900 0.797263 0.812575 0.910955 0.914957 0.875419 0.864705 0.484804
0.871070 0.819812 0.794560 0.860186 0.556697 0.758451 0.886412 0.707647 0.806446 0.953677 0.873496 0.826322 0.465130
0.875416 0.819677 0.788976 0.785682 0.525841 0.699519 0.782116 0.733297 0.852076 0.915732 0.829480 0.822580 0.508499
0.768014 0.680359 0.665438 0.809713 0.506218 0.677162 0.678576 0.752448 0.765607 0.782283 0.749522 0.732563 0.479912
0.774058 0.700494 0.728160 0.863956 0.531163 0.692998 0.756112 0.808456 0.766603 0.842489 0.786654 0.775481 0.483154
0.820723 0.800873 0.761561 0.820865 0.493749 0.668062 0.771004 0.750462 0.847820 0.832530 0.805836 0.795247 0.521039
0.743691 0.700759 0.634649 0.857742 0.515768 0.647010 0.654063 0.703991 0.733434 0.872672 0.739613 0.753302 0.485410
0.740040 0.757018 0.708120 0.848265 0.491897 0.658066 0.725321 0.825613 0.736889 0.837075 0.757269 0.801614 0.494162
0.701825 0.692590 0.684669 0.726961 0.409337 0.615726 0.786952 0.708109 0.705261 0.668535 0.732390 0.690029 0.508550
0.683215 0.706465 0.671281 0.683368 0.393338 0.569490 0.686565 0.800317 0.722373 0.617149 0.684251 0.707826 0.537037
0.690024 0.701521 0.679756 0.673583 0.394494 0.567435 0.761342 0.664447 0.743572 0.636359 0.708131 0.670850 0.544205
0.642495 0.612087 0.615791 0.694291 0.397236 0.594150 0.732209 0.656755 0.628015 0.603011 0.679769 0.622764 0.492271
0.727436 0.699910 0.686110 0.745177 0.426006 0.687761 0.897402 0.660972 0.691078 0.698173 0.781974 0.687708 0.462781
0.790138 0.712276 0.673561 0.802991 0.531854 0.611742 0.633989 0.689900 0.809923 0.841688 0.745864 0.744387 0.529652
0.780968 0.768054 0.664193 0.804797 0.517262 0.576544 0.602077 0.713072 0.831540 0.845079 0.732067 0.774667 0.553220
0.814492 0.695375 0.689904 0.865281 0.554446 0.665334 0.694061 0.691911 0.785309 0.919600 0.788520 0.761603 0.495842
0.755130 0.762396 0.702393 0.795752 0.493517 0.534911 0.616500 0.678920 0.827018 0.857541 0.721665 0.765897 0.584935
0.807460 0.717047 0.656093 0.774436 0.501856 0.636754 0.676270 0.676713 0.828946 0.753456 0.761498 0.715869 0.514956
0.750360 0.639881 0.641301 0.806926 0.553613 0.609426 0.588152 0.655003 0.744887 0.874685 0.713011 0.714859 0.511582
0.723085 0.643336 0.640157 0.763418 0.547105 0.551452 0.458724 0.741139 0.758854 0.837118 0.651843 0.730811 0.548931
0.797976 0.673567 0.647371 0.799024 0.570153 0.676709 0.609211 0.728382 0.775688 0.909902 0.741556 0.760912 0.478586
0.665832 0.578025 0.618129 0.792342 0.528785 0.538812 0.565243 0.596021 0.652474 0.882992 0.660958 0.674914 0.530833
0.771938 0.629139 0.623442 0.785046 0.528293 0.585964 0.521461 0.612243 0.803333 0.786425 0.699417 0.671256 0.533777
0.726260 0.706289 0.654335 0.674352 0.416512 0.622664 0.771276 0.631615 0.769655 0.643447 0.729383 0.665034 0.511200
0.740807 0.693292 0.616585 0.663958 0.435641 0.629943 0.714784 0.627818 0.771248 0.639470 0.717630 0.657503 0.499601
0.690042 0.650426 0.604997 0.626702 0.401307 0.587267 0.733675 0.551842 0.710612 0.585030 0.690464 0.601232 0.510762
0.675230 0.638161 0.606568 0.640258 0.414005 0.570146 0.720841 0.524479 0.741389 0.583718 0.681919 0.587724 0.527504
0.757792 0.692438 0.617955 0.671466 0.402258 0.644004 0.827353 0.502868 0.799529 0.606454 0.761395 0.609772 0.497095
0.942909 0.903786 0.843983 0.818284 0.503660 0.759150 0.840414 0.865205 0.974129 0.743648 0.887236 0.844170 0.508132
0.910283 0.829435 0.808179 0.764867 0.510444 0.747390 0.787525 0.844693 0.919194 0.715931 0.844373 0.799961 0.497040
0.906549 0.838265 0.816201 0.816855 0.533533 0.723549 0.756712 0.861609 0.900502 0.777246 0.843659 0.826962 0.509211
0.893154 0.890615 0.839062 0.825877 0.469143 0.680285 0.813510 0.830320 0.936619 0.718129 0.855806 0.820781 0.546965
0.959584 0.951605 0.823131 0.749642 0.496789 0.730281 0.780059 0.847492 0.982561 0.744764 0.863738 0.858319 0.522970
0.375589 0.260583 0.444598 0.315461 0.370327 0.078057 -0.032214 0.535579 0.399822 0.400006 0.241222 0.384909 0.722050
0.335566 0.238523 0.419931 0.262252 0.348669 0.058392 -0.043450 0.529713 0.338756 0.370494 0.207198 0.365471 0.716702
0.423467 0.332116 0.452185 0.259170 0.355638 0.100646 -0.033793 0.544883 0.479216 0.350719 0.253429 0.401527 0.725893
0.403285 0.331877 0.447560 0.336823 0.379115 0.105472 -0.001396 0.523526 0.454510 0.438394 0.268588 0.421327 0.717131
0.374105 0.238114 0.415558 0.275553 0.341008 0.075350 -0.024472 0.497568 0.365302 0.361576 0.234821 0.352989 0.710962
0.505666 0.482838 0.430438 0.681253 0.458498 0.524997 0.506679 0.505293 0.516524 0.722150 0.541088 0.561368 0.474394
0.508276 0.443011 0.382139 0.723826 0.479381 0.553886 0.455914 0.508475 0.548441 0.682238 0.535677 0.534419 0.453784
0.514488 0.488056 0.513357 0.723044 0.481903 0.528205 0.580127 0.562493 0.524476 0.748723 0.575891 0.588587 0.490644
0.528516 0.509661 0.481061 0.725333 0.446921 0.514767 0.561382 0.483079 0.576213 0.750306 0.577739 0.573880 0.502595
0.554647 0.454164 0.411016 0.678537 0.473721 0.537373 0.474213 0.484862 0.503093 0.717715 0.555295 0.542439 0.460398
0.619570 0.673186 0.662562 0.778793 0.457887 0.527063 0.744294 0.634905 0.629939 0.820552 0.688832 0.705912 0.542262
0.629318 0.710132 0.689125 0.778569 0.446622 0.500190 0.692336 0.686503 0.672571 0.836385 0.678074 0.740919 0.572225
0.556665 0.578238 0.640153 0.774673 0.435075 0.441316 0.681267 0.604690 0.544236 0.779804 0.637647 0.646643 0.572088
0.592204 0.625798 0.635530 0.775422 0.465970 0.487327 0.686175 0.567209 0.653613 0.826177 0.657039 0.668335 0.565432
0.637819 0.702701 0.631459 0.746219 0.483424 0.548528 0.666992 0.656979 0.677061 0.801737 0.668251 0.718695 0.532587
0.510611 0.528113 0.516977 0.521266 0.373922 0.299640 0.326756 0.514642 0.569067 0.650297 0.457586 0.560727 0.637425
0.515025 0.470236 0.517391 0.637639 0.448689 0.414084 0.450399 0.500254 0.530079 0.720956 0.520160 0.554457 0.561044
0.510758 0.419044 0.437955 0.534437 0.432040 0.407021 0.379185 0.433264 0.495280 0.631655 0.476022 0.487094 0.542434
0.517242 0.444671 0.454602 0.547493 0.427549 0.394995 0.375320 0.409715 0.542781 0.693225 0.480716 0.508750 0.562480
0.551020 0.471978 0.503119 0.594770 0.434984 0.391216 0.385760 0.469585 0.555568 0.740895 0.510192 0.551935 0.577008
0.341668 0.457501 0.409962 0.451886 0.423883 0.332476 0.303677 0.678274 0.277595 0.742274 0.352314 0.609165 0.538026
0.324219 0.422149 0.351088 0.454029 0.456822 0.344199 0.239302 0.648036 0.216601 0.793433 0.324706 0.601300 0.507019
0.309158 0.485275 0.374247 0.437759 0.402593 0.314996 0.277123 0.655746 0.252503 0.726387 0.325268 0.608750 0.536353
0.400123 0.526466 0.461035 0.526047 0.432551 0.413911 0.428715 0.700437 0.359587 0.751206 0.433886 0.646079 0.515778
0.365770 0.488544 0.380629 0.428453 0.419850 0.360554 0.307515 0.677992 0.248989 0.728114 0.360830 0.617249 0.509591
0.957866 0.871368 0.811747 0.778758 0.559614 0.787703 0.746138 0.878874 0.983426 0.850297 0.858526 0.867299 0.486413
0.963748 0.850464 0.809465 0.788491 0.589597 0.796497 0.711791 0.865420 0.986775 0.887275 0.853109 0.865994 0.481350
0.950976 0.871141 0.784207 0.777050 0.583063 0.793556 0.715629 0.858284 0.931838 0.889962 0.845587 0.872930 0.467075
0.933940 0.850298 0.798870 0.787053 0.539188 0.765259 0.740196 0.849224 0.968072 0.778858 0.846439 0.828544 0.494233
0.915770 0.808750 0.811055 0.767168 0.564739 0.739657 0.742396 0.815968 0.920363 0.859796 0.834037 0.826229 0.502489
0.716672 0.565723 0.647443 0.679202 0.505343 0.594858 0.641170 0.669315 0.627385 0.752550 0.686527 0.652848 0.498051
0.567990 0.582257 0.625224 0.592837 0.384817 0.369971 0.514652 0.525928 0.704124 0.536266 0.556958 0.551561 0.643887
0.650947 0.693141 0.599296 0.580145 0.395482 0.522951 0.617776 0.523369 0.767724 0.561478 0.626835 0.602710 0.559633
0.523394 0.556527 0.448647 0.536872 0.423166 0.463651 0.443723 0.568776 0.489195 0.613781 0.502188 0.577378 0.509378
0.702692 0.551571 0.501649 0.554401 0.486348 0.597947 0.516962 0.509015 0.585778 0.697342 0.617315 0.582535 0.458717
0.510630 0.687541 0.738167 0.714162 0.529700 0.471199 0.615816 0.778611 0.562993 1.007705 0.582892 0.810911 0.577513
0.467267 0.630997 0.699192 0.712359 0.509953 0.426905 0.573725 0.722946 0.492010 0.985293 0.548223 0.764870 0.582097
0.555984 0.677257 0.724628 0.648753 0.533426 0.483351 0.528785 0.803307 0.639360 0.947773 0.566378 0.796227 0.582787
0.528105 0.682751 0.752395 0.746592 0.540031 0.465932 0.632705 0.734614 0.573877 1.040343 0.603183 0.805588 0.585695
0.544367 0.712142 0.754068 0.701777 0.533308 0.453825 0.583628 0.760913 0.626362 1.019397 0.587627 0.818950 0.603791
0.660324 0.634082 0.617037 0.679443 0.436482 0.579799 0.707937 0.661653 0.588307 0.736519 0.678432 0.673084 0.493190
0.604405 0.568116 0.592267 0.692999 0.454738 0.569784 0.729245 0.595936 0.514113 0.750576 0.659576 0.631200 0.479406
0.666769 0.608266 0.664249 0.721599 0.420732 0.576507 0.773891 0.689441 0.596238 0.717801 0.709871 0.665479 0.506193
0.670411 0.635183 0.649067 0.633367 0.391829 0.526215 0.711536 0.677918 0.600959 0.660575 0.675340 0.655621 0.534276
0.641379 0.687940 0.662885 0.699969 0.415326 0.553179 0.739848 0.720499 0.612985 0.714812 0.682638 0.705769 0.523267
0.859276 0.823593 0.773243 0.775260 0.520974 0.678567 0.798074 0.706063 0.838017 0.869657 0.824112 0.802153 0.515112
0.801213 0.682703 0.798030 0.804179 0.488382 0.603897 0.847038 0.640102 0.770313 0.753816 0.815554 0.691257 0.551330
0.831579 0.752299 0.770281 0.753898 0.512186 0.651152 0.767256 0.718115 0.783329 0.831269 0.796746 0.765735 0.520031
0.768660 0.711503 0.697254 0.786928 0.509993 0.635997 0.806333 0.590753 0.695983 0.847483 0.783616 0.716072 0.497050
0.788917 0.670451 0.752339 0.755510 0.468732 0.582958 0.780247 0.599605 0.722877 0.736476 0.779635 0.669005 0.545269
0.641595 0.492838 0.634736 0.451052 0.423272 0.484988 0.632361 0.549448 0.539070 0.534462 0.600716 0.522308 0.543769
0.606019 0.417426 0.676332 0.456477 0.440225 0.434780 0.635524 0.509189 0.484504 0.584140 0.584962 0.494969 0.571299
0.603869 0.465723 0.601073 0.401837 0.390091 0.432140 0.590522 0.509361 0.475405 0.486518 0.559459 0.485053 0.556012
0.626896 0.528986 0.664084 0.493420 0.419789 0.512951 0.705970 0.583931 0.530305 0.577404 0.623923 0.559995 0.531107
0.643076 0.545479 0.640637 0.465209 0.403641 0.504802 0.676295 0.580461 0.579163 0.495133 0.617468 0.540870 0.541079
0.712939 0.619611 0.734514 0.781946 0.491457 0.556418 0.727653 0.621191 0.708575 0.804680 0.731155 0.675606 0.554767
0.680988 0.612425 0.741387 0.817455 0.491538 0.514832 0.710079 0.611993 0.679431 0.808428 0.717009 0.671096 0.575264
0.674325 0.606998 0.743810 0.793786 0.471538 0.538330 0.767723 0.658476 0.681463 0.754700 0.726237 0.666752 0.562056
0.756153 0.632356 0.745348 0.736271 0.478569 0.570242 0.685964 0.680796 0.783134 0.781583 0.731120 0.691656 0.563551
0.744476 0.647105 0.703872 0.797387 0.495822 0.610332 0.697530 0.674449 0.762233 0.806675 0.740974 0.703179 0.527021
0.758652 0.712243 0.701117 0.695549 0.469179 0.495608 0.543866 0.675455 0.803050 0.785260 0.681596 0.723112 0.603469
0.681638 0.702735 0.690122 0.740089 0.446081 0.440431 0.556827 0.596225 0.751512 0.834328 0.655885 0.710260 0.624068
0.768418 0.700607 0.676146 0.668486 0.466089 0.501819 0.515427 0.610864 0.817623 0.776899 0.672534 0.696571 0.597662
0.756102 0.717031 0.684399 0.650885 0.482652 0.474122 0.471790 0.638436 0.803833 0.838824 0.649765 0.729991 0.613173
0.698660 0.679874 0.678833 0.734026 0.489299 0.496750 0.538266 0.658526 0.760357 0.819709 0.657615 0.715420 0.589788
0.659533 0.546546 0.529624 0.624512 0.451177 0.476596 0.444494 0.465312 0.669874 0.725220 0.588017 0.575778 0.553942
0.612666 0.546966 0.575088 0.652695 0.443329 0.456514 0.546619 0.445344 0.605364 0.765392 0.600857 0.582007 0.562182
0.653023 0.529044 0.540519 0.641785 0.470144 0.456563 0.425558 0.484571 0.658865 0.765225 0.582536 0.586557 0.565939
0.683231 0.561739 0.512468 0.565261 0.460440 0.489682 0.421748 0.424427 0.651819 0.757353 0.581192 0.579229 0.539048
0.738413 0.614028 0.542151 0.540699 0.437076 0.472709 0.362857 0.544001 0.759936 0.648022 0.586203 0.603218 0.576792
0.725755 0.673435 0.627786 0.664247 0.473261 0.568051 0.536468 0.759096 0.695439 0.709190 0.656667 0.709860 0.523814
0.752097 0.610381 0.587973 0.651528 0.519726 0.619891 0.473728 0.767589 0.670299 0.680021 0.648473 0.678435 0.479720
0.748513 0.633771 0.650933 0.705917 0.482308 0.617672 0.631036 0.736067 0.679054 0.706019 0.704750 0.686134 0.495394
0.735269 0.725659 0.667275 0.752687 0.470943 0.606885 0.623404 0.804442 0.737073 0.756936 0.705193 0.758677 0.516739
0.647354 0.634826 0.598158 0.758737 0.501646 0.588060 0.585643 0.715869 0.595390 0.798993 0.651117 0.708389 0.485874
0.563621 0.627771 0.599220 0.886712 0.480499 0.539427 0.658848 0.511697 0.713169 0.863760 0.656807 0.663745 0.538821
0.557425 0.630788 0.528095 0.864445 0.471200 0.558835 0.598429 0.486374 0.705001 0.842520 0.631130 0.650983 0.511318
0.614645 0.654774 0.640013 0.865103 0.495498 0.588214 0.677427 0.587460 0.753013 0.866120 0.683571 0.697983 0.525677
0.584774 0.611478 0.623907 0.834869 0.478246 0.493733 0.624153 0.502373 0.689769 0.817782 0.646607 0.640638 0.566495
0.579908 0.651551 0.596576 0.831610 0.460662 0.572631 0.683760 0.538700 0.734063 0.768374 0.661404 0.652743 0.522549
0.717315 0.698870 0.600591 0.770687 0.405891 0.654702 0.795023 0.582894 0.834809 0.640614 0.751302 0.646600 0.494259
0.744495 0.764068 0.593425 0.734866 0.390110 0.697746 0.816089 0.642200 0.852706 0.613268 0.764047 0.682267 0.470578
0.729423 0.710464 0.672090 0.848105 0.419567 0.693132 0.926941 0.626839 0.803156 0.681760 0.812415 0.676766 0.479170
0.737262 0.711875 0.594917 0.761655 0.389998 0.702330 0.850332 0.601583 0.853616 0.557715 0.776062 0.632540 0.468309
0.732584 0.658361 0.584526 0.795282 0.430834 0.730246 0.833307 0.574896 0.852460 0.633323 0.775341 0.625810 0.449250
0.807489 0.763780 0.586195 0.740463 0.524748 0.717823 0.705935 0.634169 0.790749 0.871286 0.763617 0.757149 0.444695
0.776985 0.720009 0.624001 0.734236 0.542696 0.697814 0.686558 0.687768 0.775483 0.885200 0.741307 0.759894 0.461209
0.858078 0.820841 0.672240 0.798357 0.518761 0.726532 0.790683 0.684592 0.864283 0.891731 0.825915 0.801233 0.471385
0.838071 0.743938 0.606842 0.748272 0.544999 0.726450 0.648697 0.709071 0.847311 0.846022 0.763299 0.764103 0.454960
0.872849 0.825373 0.591604 0.685054 0.499510 0.703552 0.658514 0.641556 0.874286 0.802793 0.770990 0.763454 0.471047
0.765502 0.707979 0.716346 0.839612 0.528206 0.654494 0.710725 0.687010 0.811473 0.863440 0.763891 0.748327 0.512867
0.747485 0.686373 0.754105 0.795766 0.534977 0.610964 0.706631 0.705054 0.764341 0.852741 0.744885 0.741888 0.537111
0.752310 0.664744 0.643173 0.815403 0.541746 0.642835 0.624186 0.610576 0.799222 0.867175 0.726491 0.709223 0.502778
0.718573 0.640143 0.627271 0.827788 0.538138 0.660209 0.656374 0.628274 0.735852 0.855483 0.721756 0.701184 0.476499
0.760021 0.722225 0.769219 0.943038 0.556120 0.688430 0.833898 0.702401 0.803641 0.936908 0.818787 0.780683 0.501514
0.700212 0.630445 0.583169 0.586184 0.457666 0.536035 0.541111 0.666374 0.606798 0.712295 0.629676 0.665779 0.516372
0.649297 0.626924 0.526115 0.600751 0.468150 0.532154 0.553275 0.611507 0.523196 0.754988 0.610781 0.660718 0.490570
0.722386 0.671933 0.561992 0.576476 0.453957 0.568512 0.512345 0.714880 0.614562 0.684119 0.630192 0.688473 0.494204
0.739695 0.606011 0.577244 0.656850 0.483775 0.622450 0.592721 0.669241 0.674848 0.709807 0.679033 0.656119 0.476949
0.678491 0.655457 0.608665 0.551953 0.431025 0.499971 0.533712 0.731150 0.634258 0.642143 0.609750 0.674171 0.548602
0.816073 0.822921 0.741405 0.709568 0.413019 0.668717 0.830796 0.813006 0.815941 0.724539 0.799189 0.790432 0.510239
0.903418 0.813370 0.731621 0.931973 0.562478 0.833019 0.933769 0.750500 0.849339 0.946121 0.918234 0.834334 0.416380
0.723638 0.710977 0.682852 0.688595 0.448221 0.600256 0.717396 0.688721 0.757704 0.663200 0.714757 0.689967 0.527958
0.767431 0.776681 0.676880 0.785436 0.473474 0.724869 0.795613 0.796606 0.813777 0.791290 0.779487 0.787041 0.463210
0.799939 0.790156 0.689525 0.846730 0.500426 0.751169 0.814379 0.815598 0.824230 0.862119 0.813629 0.819377 0.452050
0.570921 0.501380 0.529494 0.716109 0.497384 0.546890 0.526303 0.627882 0.556275 0.778553 0.586573 0.622483 0.489020
0.630309 0.530981 0.533004 0.741518 0.518762 0.588640 0.544819 0.647785 0.545078 0.801590 0.626904 0.647205 0.462432
0.611868 0.478149 0.522933 0.679196 0.498019 0.566752 0.553211 0.585948 0.551105 0.741315 0.607736 0.589439 0.474756
0.517968 0.484823 0.496858 0.751444 0.482709 0.502503 0.475121 0.600907 0.552801 0.762177 0.551809 0.602855 0.508430
0.574023 0.479289 0.460497 0.625292 0.471569 0.550095 0.453134 0.616945 0.563078 0.662192 0.548010 0.575457 0.474658
0.572600 0.507035 0.619490 0.542534 0.419782 0.358110 0.383706 0.729764 0.649178 0.552558 0.509918 0.587510 0.638867
0.632766 0.584941 0.641438 0.659788 0.411381 0.512719 0.698009 0.508164 0.634550 0.645127 0.657743 0.579964 0.547567
0.531702 0.522413 0.560005 0.549887 0.434384 0.406963 0.459843 0.564478 0.551458 0.641594 0.513781 0.570787 0.578115
0.621794 0.528609 0.610807 0.515818 0.395359 0.390341 0.405535 0.630472 0.656953 0.538915 0.535721 0.562260 0.619348
0.514555 0.443084 0.604778 0.596346 0.407454 0.401371 0.541119 0.585222 0.551172 0.603164 0.538883 0.533750 0.590368
0.669058 0.605419 0.612791 0.530527 0.470557 0.571971 0.643595 0.517681 0.587730 0.759126 0.633713 0.625209 0.496922
0.676723 0.637128 0.656594 0.577719 0.458005 0.565418 0.713537 0.463163 0.640677 0.788056 0.667966 0.630217 0.520203
0.696149 0.570894 0.616715 0.520704 0.487782 0.599341 0.656950 0.443315 0.620654 0.767427 0.649300 0.591580 0.487869
0.661216 0.631666 0.643600 0.571183 0.449814 0.566627 0.720693 0.539524 0.537941 0.778277 0.661053 0.648007 0.496332
0.711076 0.624966 0.611501 0.584472 0.504957 0.606868 0.615064 0.557817 0.641593 0.766061 0.656952 0.647150 0.486498
0.631976 0.702578 0.633748 0.716172 0.424008 0.510018 0.614248 0.768333 0.624222 0.661163 0.643497 0.709880 0.545583
0.619113 0.672632 0.581366 0.707491 0.463176 0.554158 0.571338 0.757998 0.614353 0.688662 0.622456 0.703051 0.506649
0.622948 0.679103 0.607202 0.646947 0.422454 0.482218 0.534495 0.793358 0.575664 0.628449 0.601212 0.698183 0.547242
0.589646 0.655240 0.645981 0.793246 0.438080 0.527680 0.749399 0.699175 0.560160 0.702575 0.678292 0.682621 0.524620
0.582701 0.725820 0.681399 0.794570 0.407863 0.487033 0.708443 0.758155 0.591429 0.729656 0.662797 0.736672 0.562346
0.607166 0.644901 0.681432 0.690783 0.494760 0.441713 0.579227 0.604663 0.708689 0.640911 0.615507 0.631632 0.612996
0.540992 0.586878 0.682685 0.739505 0.496468 0.419721 0.637846 0.539207 0.628001 0.645071 0.609751 0.590035 0.610305
0.633328 0.640782 0.614396 0.694575 0.521034 0.500591 0.511290 0.636139 0.713541 0.647388 0.608966 0.641371 0.565232
0.625129 0.625097 0.708449 0.675218 0.494194 0.425409 0.559898 0.638158 0.722387 0.606503 0.615578 0.623437 0.630922
0.616742 0.665958 0.722009 0.643794 0.463956 0.349100 0.512478 0.631837 0.753263 0.571703 0.590873 0.627445 0.685595
0.583474 0.420956 0.576744 0.521646 0.501007 0.365997 0.344014 0.584689 0.536417 0.659802 0.499271 0.541730 0.603034
0.599840 0.419640 0.587495 0.532627 0.492558 0.354540 0.351393 0.589609 0.543704 0.599253 0.511864 0.524514 0.613516
0.580475 0.432386 0.579784 0.511722 0.474592 0.377432 0.410248 0.544286 0.504015 0.683690 0.515656 0.541347 0.590300
0.550723 0.471406 0.594986 0.496169 0.486613 0.327313 0.351572 0.594604 0.514623 0.686300 0.480067 0.572834 0.625534
0.540163 0.438796 0.586877 0.520062 0.497466 0.346435 0.368893 0.581371 0.510118 0.724929 0.484762 0.567408 0.611538
0.758025 0.813355 0.630309 0.742621 0.442157 0.711426 0.833168 0.713133 0.682683 0.723943 0.777487 0.756465 0.435743
0.769830 0.779368 0.621227 0.768680 0.480508 0.754449 0.842723 0.750755 0.643217 0.759344 0.791468 0.764777 0.400219
0.712915 0.762226 0.636185 0.792256 0.427235 0.724910 0.945064 0.655945 0.622558 0.713684 0.798428 0.715779 0.416803
0.757573 0.789948 0.643161 0.794574 0.469372 0.732328 0.880156 0.681837 0.640865 0.769598 0.801748 0.751410 0.417409
0.774960 0.757043 0.567496 0.752424 0.454213 0.746403 0.788055 0.673308 0.690748 0.670310 0.774381 0.705903 0.403807
0.612570 0.566378 0.563115 0.684318 0.533598 0.429423 0.297737 0.683403 0.638890 0.818672 0.532470 0.677174 0.582747
0.582109 0.580921 0.657048 0.649925 0.556734 0.435680 0.329528 0.764017 0.681041 0.859531 0.519898 0.719433 0.606210
0.525217 0.462476 0.501794 0.544315 0.526370 0.408977 0.224176 0.663719 0.520800 0.719881 0.438724 0.600070 0.559132
0.500034 0.562344 0.553501 0.549088 0.473236 0.277560 0.213738 0.548565 0.545731 0.828845 0.423956 0.638160 0.653310
0.490209 0.510083 0.507401 0.517034 0.486671 0.318894 0.155499 0.656324 0.532994 0.708598 0.395161 0.613510 0.616742
0.796127 0.737485 0.562205 0.719803 0.534281 0.642790 0.528498 0.701098 0.760384 0.764553 0.700573 0.734690 0.478844
0.808855 0.744515 0.577875 0.753663 0.520297 0.680231 0.663232 0.622345 0.739923 0.778962 0.754130 0.718198 0.455421
0.818301 0.781487 0.564254 0.730137 0.531934 0.688519 0.550919 0.746020 0.773049 0.763513 0.720454 0.765455 0.454349
0.709781 0.712069 0.554154 0.731944 0.536622 0.634732 0.554915 0.708215 0.665484 0.831033 0.667754 0.746602 0.463088
0.802526 0.691475 0.534972 0.698901 0.529533 0.659021 0.501769 0.718813 0.725071 0.742951 0.691574 0.715119 0.456596
0.456259 0.484254 0.485659 0.479844 0.379038 0.299731 0.391968 0.509634 0.411395 0.606301 0.441689 0.528482 0.599572
0.406586 0.486496 0.529083 0.490876 0.355309 0.230161 0.396849 0.500932 0.382414 0.669242 0.420523 0.545651 0.644203
0.428162 0.461424 0.521432 0.490612 0.412308 0.304697 0.423920 0.546322 0.354674 0.673972 0.439379 0.550658 0.592403
0.472100 0.433870 0.439065 0.417090 0.367309 0.291677 0.339128 0.469019 0.385424 0.530263 0.421206 0.473333 0.589892
0.415605 0.456473 0.469691 0.447933 0.358743 0.299188 0.430311 0.498992 0.353142 0.603150 0.426482 0.513231 0.585054
0.684881 0.619820 0.575679 0.702004 0.496130 0.599924 0.609638 0.543815 0.684674 0.698497 0.665733 0.620622 0.492116
0.755341 0.634176 0.578948 0.642393 0.510858 0.626740 0.551167 0.570778 0.776940 0.650231 0.671499 0.619973 0.495134
0.638997 0.548287 0.565361 0.779073 0.524924 0.605820 0.622637 0.565196 0.602978 0.752343 0.662104 0.614576 0.470176
0.633493 0.582186 0.602904 0.767500 0.499616 0.562993 0.658291 0.501433 0.609701 0.805544 0.667734 0.624968 0.504725
0.725044 0.603877 0.560099 0.731348 0.536489 0.635805 0.565246 0.547998 0.660926 0.746847 0.678365 0.630004 0.462722
0.681942 0.575728 0.611177 0.639375 0.476069 0.548164 0.549348 0.656664 0.727738 0.686234 0.633650 0.633160 0.538885
0.658421 0.593255 0.470694 0.458769 0.423147 0.528036 0.429090 0.518132 0.684868 0.581561 0.549691 0.567210 0.514291
0.523026 0.422254 0.598410 0.574493 0.467088 0.418911 0.471744 0.621029 0.466678 0.551308 0.517935 0.520603 0.561671
0.597012 0.538602 0.594130 0.576944 0.460038 0.466620 0.459489 0.642648 0.634382 0.661026 0.551742 0.606543 0.565730
0.714703 0.568436 0.576534 0.593180 0.499115 0.559156 0.463563 0.647704 0.704536 0.648284 0.615057 0.616171 0.520720
0.731723 0.662295 0.644252 0.767122 0.494329 0.657791 0.735711 0.633109 0.672642 0.732496 0.739999 0.674599 0.468705
0.750493 0.636531 0.611337 0.729663 0.534085 0.669585 0.614352 0.693349 0.675529 0.732859 0.705485 0.682475 0.455622
0.715815 0.697207 0.638972 0.755287 0.488903 0.606456 0.707362 0.601421 0.654744 0.763721 0.721174 0.688425 0.494869
0.750915 0.606313 0.570850 0.758685 0.530328 0.730914 0.715644 0.614178 0.641819 0.689508 0.741888 0.633631 0.403985
0.701359 0.666917 0.614208 0.741798 0.471499 0.633551 0.703460 0.610580 0.652419 0.682201 0.710077 0.654601 0.473195
0.623616 0.689634 0.620371 0.575745 0.384962 0.485094 0.617300 0.650597 0.653929 0.683755 0.612147 0.676159 0.563804
0.701713 0.777060 0.656419 0.565247 0.389232 0.548824 0.653546 0.751609 0.744534 0.699020 0.659970 0.746012 0.550896
0.579990 0.660975 0.655287 0.665288 0.399359 0.501285 0.721455 0.631418 0.628324 0.711925 0.639489 0.667393 0.555951
0.630506 0.687348 0.624686 0.557410 0.360150 0.465988 0.596621 0.674772 0.700616 0.616955 0.605721 0.662457 0.585468
0.652187 0.662693 0.551147 0.529322 0.419532 0.546875 0.557293 0.672283 0.627064 0.661912 0.599146 0.665336 0.507517
0.720107 0.715794 0.765513 0.671563 0.376365 0.531481 0.789395 0.705393 0.686530 0.656383 0.731185 0.694850 0.571520
0.713016 0.733435 0.707304 0.701812 0.398484 0.590736 0.771238 0.722534 0.711853 0.630680 0.728242 0.699338 0.529390
0.684050 0.650822 0.691696 0.714509 0.410576 0.606652 0.799934 0.690124 0.659731 0.642586 0.724907 0.660142 0.506294
0.658070 0.716878 0.677399 0.716368 0.369704 0.517863 0.708636 0.664874 0.710681 0.609746 0.684899 0.669137 0.566898
0.705673 0.617730 0.692458 0.724973 0.412592 0.591518 0.759816 0.718891 0.666441 0.593531 0.725776 0.640819 0.516869
0.859449 0.756064 0.652331 0.754661 0.529038 0.682127 0.607558 0.779908 0.853573 0.808989 0.762924 0.779095 0.491904
0.902098 0.788872 0.712017 0.847435 0.566164 0.737661 0.683010 0.814066 0.919325 0.870971 0.825439 0.821060 0.483672
0.835347 0.722507 0.658439 0.758052 0.531708 0.640797 0.552532 0.783775 0.877279 0.796013 0.735043 0.762940 0.522666
0.825949 0.777435 0.665488 0.748987 0.508678 0.622748 0.594306 0.729242 0.875289 0.814369 0.741064 0.774057 0.534507
0.813251 0.716550 0.611924 0.665277 0.491803 0.581711 0.460009 0.768794 0.864013 0.726348 0.677684 0.735163 0.546161
0.601705 0.587297 0.553143 0.583688 0.434404 0.493860 0.543434 0.546025 0.597740 0.643302 0.580620 0.591717 0.533860
0.611478 0.573024 0.534991 0.545120 0.411797 0.481731 0.503454 0.519928 0.610473 0.610232 0.565799 0.568257 0.540054
0.568492 0.566156 0.554188 0.641751 0.435848 0.477265 0.573832 0.530858 0.569322 0.672636 0.584746 0.587511 0.538343
0.606846 0.629164 0.556014 0.643916 0.418717 0.528098 0.617767 0.568725 0.635745 0.616461 0.617536 0.607221 0.521493
0.631824 0.528736 0.493062 0.581106 0.452848 0.515017 0.483204 0.469324 0.616688 0.609045 0.577095 0.535005 0.512940
0.652345 0.765855 0.682462 0.810025 0.472231 0.541243 0.654221 0.771828 0.712769 0.845864 0.684444 0.791650 0.554300
0.671038 0.767482 0.660613 0.763903 0.470850 0.582107 0.719639 0.699934 0.698801 0.856907 0.704191 0.774045 0.522618
0.646499 0.745826 0.687161 0.784207 0.457204 0.529059 0.648152 0.835062 0.665515 0.760361 0.674537 0.776957 0.553100
0.624948 0.756459 0.692974 0.851332 0.486094 0.517873 0.682279 0.745718 0.647038 0.868962 0.687424 0.786987 0.557278
0.649837 0.821010 0.717051 0.802668 0.425752 0.517341 0.726504 0.737885 0.762367 0.824555 0.703403 0.797136 0.585479
0.665974 0.617185 0.590452 0.661175 0.424597 0.551367 0.630444 0.601953 0.675774 0.578469 0.654355 0.601001 0.522425
0.661648 0.701241 0.570487 0.620416 0.401198 0.550263 0.598491 0.644864 0.708183 0.533925 0.634454 0.634133 0.525576
0.669149 0.620756 0.591652 0.696046 0.429278 0.572071 0.664482 0.605255 0.674017 0.523253 0.673128 0.586855 0.509891
0.748279 0.597198 0.632682 0.689943 0.444937 0.576383 0.628255 0.604251 0.774666 0.590799 0.700605 0.597394 0.535640
0.704350 0.674983 0.572344 0.560643 0.380217 0.520512 0.562244 0.635778 0.700116 0.514096 0.632977 0.614955 0.542185
0.728131 0.515664 0.635289 0.726163 0.518979 0.602603 0.542542 0.697736 0.752913 0.691376 0.672061 0.622999 0.516079
0.714208 0.537020 0.657522 0.726765 0.518004 0.594542 0.560998 0.667817 0.750345 0.693701 0.670756 0.623263 0.524848
0.710068 0.562774 0.594224 0.644071 0.478635 0.571403 0.539708 0.627678 0.747295 0.621882 0.645761 0.599978 0.525462
0.729366 0.519127 0.598916 0.600894 0.473391 0.514083 0.377672 0.706709 0.794188 0.553259 0.598164 0.585641 0.570171
0.700781 0.508797 0.598676 0.639614 0.516195 0.516834 0.394653 0.669490 0.729751 0.660840 0.596710 0.602618 0.555585
