0.663658 0.601138 0.644064 0.331829 0.433674
0.652938 0.538455 0.631431 0.326469 0.404811
0.621899 0.596645 0.614470 0.310950 0.422999
0.621899 0.567550 0.601837 0.310950 0.407571
0.621899 0.538455 0.589204 0.310950 0.392143
0.747176 0.726505 0.753784 0.373588 0.516737
0.736456 0.692916 0.753784 0.368228 0.503302
0.736456 0.692916 0.753784 0.368228 0.503302
0.705417 0.663821 0.698924 0.352709 0.475206
0.705417 0.663821 0.698924 0.352709 0.475206
0.529905 0.522840 0.369764 0.264953 0.320065
0.642218 0.417581 0.593531 0.321109 0.345092
0.715016 0.422075 0.665351 0.357508 0.368435
0.705417 0.489252 0.623124 0.352709 0.382638
0.664780 0.556429 0.538671 0.332390 0.384173
0.590861 0.538455 0.546977 0.295430 0.379475
0.643340 0.634727 0.601837 0.321670 0.434442
0.663658 0.601138 0.644064 0.331829 0.433674
0.632620 0.601138 0.601837 0.316310 0.421006
0.674379 0.576537 0.618797 0.337189 0.416254
0.581262 0.605632 0.504750 0.290631 0.393678
0.643340 0.634727 0.601837 0.321670 0.434442
0.643340 0.634727 0.601837 0.321670 0.434442
0.601581 0.601138 0.559610 0.300790 0.408338
0.643340 0.634727 0.601837 0.321670 0.434442
0.612301 0.634727 0.559610 0.306151 0.421774
0.674379 0.634727 0.644064 0.337189 0.447110
0.654060 0.668315 0.601837 0.327030 0.447877
0.674379 0.634727 0.644064 0.337189 0.447110
0.601581 0.572043 0.546977 0.300790 0.392910
0.560944 0.639220 0.462523 0.280472 0.394445
0.560944 0.668315 0.475157 0.280472 0.409873
0.560944 0.668315 0.475157 0.280472 0.409873
0.529905 0.610125 0.407663 0.264953 0.366349
0.560944 0.639220 0.462523 0.280472 0.394445
0.632620 0.542948 0.576571 0.316310 0.390150
0.652938 0.509360 0.618797 0.326469 0.389383
0.643340 0.605632 0.589204 0.321670 0.419014
0.663658 0.572043 0.631431 0.331829 0.418246
0.652938 0.538455 0.631431 0.326469 0.404811
0.717259 0.565416 0.555631 0.358630 0.392856
0.529905 0.726505 0.458197 0.264953 0.428061
0.663658 0.630233 0.656697 0.331829 0.449102
0.778215 0.726505 0.796011 0.389107 0.529405
0.569420 0.471278 0.546977 0.284710 0.352604
0.726858 0.614619 0.648391 0.363429 0.440365
0.748298 0.681795 0.648391 0.374149 0.467235
0.737578 0.648207 0.648391 0.368789 0.453800
0.748298 0.710890 0.661024 0.374149 0.482663
0.748298 0.652700 0.635758 0.374149 0.451807
0.643340 0.576537 0.576571 0.321670 0.403586
0.685099 0.610125 0.618797 0.342549 0.429689
0.612301 0.605632 0.546977 0.306151 0.406346
0.654060 0.639220 0.589204 0.327030 0.432449
0.601581 0.542948 0.534344 0.300790 0.377482
0.810376 0.827270 0.796011 0.405188 0.569711
0.768617 0.793682 0.753784 0.384308 0.543608
0.799655 0.764587 0.783378 0.399828 0.540848
0.799655 0.764587 0.783378 0.399828 0.540848
0.810376 0.827270 0.796011 0.405188 0.569711
0.674379 0.547442 0.606164 0.337189 0.400826
0.643340 0.576537 0.576571 0.321670 0.403586
0.632620 0.513853 0.563937 0.316310 0.374722
0.663658 0.542948 0.618797 0.331829 0.402818
0.674379 0.576537 0.618797 0.337189 0.416254
0.737578 0.793682 0.711557 0.368789 0.530940
0.654060 0.668315 0.601837 0.327030 0.447877
0.716138 0.639220 0.673657 0.358069 0.457785
0.737578 0.706397 0.673657 0.368789 0.484656
0.717259 0.769080 0.644064 0.358630 0.500851
0.716138 0.610125 0.661024 0.358069 0.442357
0.726858 0.643713 0.661024 0.363429 0.455793
0.726858 0.643713 0.661024 0.363429 0.455793
0.675501 0.735492 0.601837 0.337750 0.474748
0.550224 0.518347 0.424624 0.275112 0.334726
0.570542 0.455663 0.454217 0.285271 0.318530
0.519185 0.518347 0.382397 0.259592 0.322058
0.519185 0.547442 0.395030 0.259592 0.337486
0.560944 0.581030 0.437257 0.280472 0.363589
0.737578 0.619112 0.635758 0.368789 0.438372
0.757896 0.614619 0.690618 0.378948 0.453033
0.757896 0.614619 0.690618 0.378948 0.453033
0.768617 0.648207 0.690618 0.384308 0.466468
0.779337 0.623606 0.665351 0.389668 0.449048
0.633742 0.701903 0.559610 0.316871 0.448644
0.748298 0.710890 0.661024 0.374149 0.482663
0.695819 0.701903 0.644064 0.347910 0.473981
0.612301 0.605632 0.546977 0.306151 0.406346
0.737578 0.764587 0.698924 0.368789 0.515512
0.643340 0.605632 0.589204 0.321670 0.419014
0.747176 0.639220 0.715884 0.373588 0.470453
0.674379 0.605632 0.631431 0.337189 0.431682
0.674379 0.605632 0.631431 0.337189 0.431682
0.674379 0.605632 0.631431 0.337189 0.431682
0.716138 0.668315 0.686291 0.358069 0.473213
0.674379 0.634727 0.644064 0.337189 0.447110
0.685099 0.668315 0.644064 0.342549 0.460545
0.716138 0.697410 0.698924 0.358069 0.488641
0.674379 0.663821 0.656697 0.337189 0.462538
0.632620 0.572043 0.589204 0.316310 0.405578
0.799655 0.706397 0.758111 0.399828 0.509992
0.685099 0.668315 0.644064 0.342549 0.460545
0.747176 0.639220 0.715884 0.373588 0.470453
0.695819 0.643713 0.618797 0.347910 0.443125
0.601581 0.484758 0.509077 0.300790 0.346626
0.601581 0.513853 0.521711 0.300790 0.362054
0.612301 0.547442 0.521711 0.306151 0.375490
0.559822 0.480265 0.479484 0.279911 0.335951
0.559822 0.422075 0.454217 0.279911 0.305095
0.717259 0.798175 0.656697 0.358630 0.516279
0.737578 0.764587 0.698924 0.368789 0.515512
0.737578 0.764587 0.698924 0.368789 0.515512
0.748298 0.798175 0.698924 0.374149 0.528947
0.686221 0.798175 0.614470 0.343110 0.503611
0.748298 0.739985 0.673657 0.374149 0.498091
0.706539 0.764587 0.656697 0.353270 0.502844
0.726858 0.730998 0.698924 0.363429 0.502077
0.748298 0.769080 0.686291 0.374149 0.513519
0.695819 0.730998 0.656697 0.347910 0.489409
0.685099 0.639220 0.631431 0.342549 0.445117
0.716138 0.639220 0.673657 0.358069 0.457785
0.726858 0.672808 0.673657 0.363429 0.471221
0.664780 0.701903 0.601837 0.332390 0.461313
0.664780 0.672808 0.589204 0.332390 0.445885
0.757896 0.614619 0.690618 0.378948 0.453033
0.642218 0.592151 0.669331 0.321109 0.437660
0.549102 0.533961 0.517384 0.274551 0.368800
0.715016 0.480265 0.690618 0.357508 0.399291
0.571664 0.672808 0.462523 0.285832 0.407880
0.756774 0.659328 0.796011 0.378387 0.502534
0.726858 0.701903 0.686291 0.363429 0.486649
0.736456 0.634727 0.728518 0.368228 0.472446
0.725736 0.630233 0.741151 0.362868 0.474438
0.736456 0.692916 0.753784 0.368228 0.503302
0.674379 0.634727 0.644064 0.337189 0.447110
0.705417 0.634727 0.686291 0.352709 0.459778
0.663658 0.572043 0.631431 0.331829 0.418246
0.632620 0.630233 0.614470 0.316310 0.436434
0.663658 0.572043 0.631431 0.331829 0.418246
0.674379 0.634727 0.644064 0.337189 0.447110
0.674379 0.634727 0.644064 0.337189 0.447110
0.632620 0.630233 0.614470 0.316310 0.436434
0.674379 0.663821 0.656697 0.337189 0.462538
0.694697 0.572043 0.673657 0.347349 0.430914
0.685099 0.668315 0.644064 0.342549 0.460545
0.695819 0.672808 0.631431 0.347910 0.458553
0.685099 0.697410 0.656697 0.342549 0.475973
0.685099 0.639220 0.631431 0.342549 0.445117
0.674379 0.663821 0.656697 0.337189 0.462538
0.643340 0.634727 0.601837 0.321670 0.434442
0.674379 0.634727 0.644064 0.337189 0.447110
0.612301 0.663821 0.572244 0.306151 0.437202
0.623021 0.697410 0.572244 0.311511 0.450637
0.654060 0.668315 0.601837 0.327030 0.447877
0.685099 0.668315 0.644064 0.342549 0.460545
0.643340 0.605632 0.589204 0.321670 0.419014
0.654060 0.697410 0.614470 0.327030 0.463305
0.643340 0.605632 0.589204 0.321670 0.419014
0.664780 0.701903 0.601837 0.332390 0.461313
0.768617 0.677302 0.703251 0.384308 0.481896
0.726858 0.672808 0.673657 0.363429 0.471221
0.810376 0.681795 0.732845 0.405188 0.492572
0.799655 0.648207 0.732845 0.399828 0.479136
0.810376 0.710890 0.745478 0.405188 0.507999
0.737578 0.735492 0.686291 0.368789 0.500084
0.695819 0.672808 0.631431 0.347910 0.458553
0.717259 0.739985 0.631431 0.358630 0.485423
0.737578 0.735492 0.686291 0.368789 0.500084
0.695819 0.701903 0.644064 0.347910 0.473981
0.748298 0.739985 0.673657 0.374149 0.498091
0.675501 0.735492 0.601837 0.337750 0.474748
0.706539 0.735492 0.644064 0.353270 0.487416
0.748298 0.739985 0.673657 0.374149 0.498091
0.675501 0.706397 0.589204 0.337750 0.459320
0.685099 0.551935 0.593531 0.342549 0.398833
0.674379 0.547442 0.606164 0.337189 0.400826
0.674379 0.489252 0.580898 0.337189 0.369970
0.643340 0.489252 0.538671 0.321670 0.357302
0.685099 0.551935 0.593531 0.342549 0.398833
0.673257 0.563056 0.698924 0.336628 0.434900
0.704295 0.592151 0.753784 0.352148 0.462996
0.704295 0.592151 0.753784 0.352148 0.462996
0.642218 0.592151 0.669331 0.321109 0.437660
0.662536 0.500373 0.686291 0.331268 0.406036
0.716138 0.668315 0.686291 0.358069 0.473213
0.726858 0.730998 0.698924 0.363429 0.502077
0.674379 0.663821 0.656697 0.337189 0.462538
0.726858 0.701903 0.686291 0.363429 0.486649
0.726858 0.730998 0.698924 0.363429 0.502077
0.643340 0.605632 0.589204 0.321670 0.419014
0.623021 0.668315 0.559610 0.311511 0.435209
0.623021 0.668315 0.559610 0.311511 0.435209
0.663658 0.601138 0.644064 0.331829 0.433674
0.663658 0.542948 0.618797 0.331829 0.402818
0.570542 0.426568 0.441584 0.285271 0.303102
0.497745 0.567550 0.432930 0.248872 0.356899
0.580140 0.504866 0.546977 0.290070 0.366040
0.654060 0.639220 0.589204 0.327030 0.432449
0.621899 0.480265 0.563937 0.310950 0.361287
0.580140 0.504866 0.546977 0.290070 0.366040
0.600459 0.471278 0.589204 0.300229 0.365272
0.600459 0.500373 0.601837 0.300229 0.380700
0.559822 0.538455 0.504750 0.279911 0.366807
0.600459 0.442183 0.576571 0.300229 0.349844
0.693575 0.413088 0.690618 0.346788 0.372420
0.726858 0.585524 0.635758 0.363429 0.424937
0.652938 0.422075 0.580898 0.326469 0.343099
0.705417 0.547442 0.648391 0.352709 0.413494
0.663658 0.484758 0.593531 0.331829 0.371963
0.581262 0.605632 0.504750 0.290631 0.393678
0.550224 0.576537 0.449890 0.275112 0.365582
0.623021 0.668315 0.559610 0.311511 0.435209
0.612301 0.634727 0.559610 0.306151 0.421774
0.601581 0.572043 0.546977 0.300790 0.392910
0.528783 0.538455 0.462523 0.264392 0.354139
0.539503 0.542948 0.449890 0.269752 0.352146
0.518063 0.533961 0.475157 0.259031 0.356132
0.497745 0.567550 0.432930 0.248872 0.356899
0.487024 0.475771 0.407663 0.243512 0.312608
0.570542 0.572043 0.504750 0.285271 0.380242
0.601581 0.572043 0.546977 0.300790 0.392910
0.570542 0.572043 0.504750 0.285271 0.380242
0.601581 0.601138 0.559610 0.300790 0.408338
0.601581 0.601138 0.559610 0.300790 0.408338
0.632620 0.601138 0.601837 0.316310 0.421006
0.601581 0.572043 0.546977 0.300790 0.392910
0.590861 0.538455 0.546977 0.295430 0.379475
0.621899 0.596645 0.614470 0.310950 0.422999
0.632620 0.630233 0.614470 0.316310 0.436434
0.612301 0.576537 0.534344 0.306151 0.390918
0.623021 0.639220 0.546977 0.311511 0.419781
0.601581 0.542948 0.534344 0.300790 0.377482
0.591983 0.610125 0.492117 0.295991 0.391685
0.612301 0.605632 0.546977 0.306151 0.406346
0.621899 0.509360 0.576571 0.310950 0.376715
0.611179 0.475771 0.576571 0.305590 0.363280
0.632620 0.572043 0.589204 0.316310 0.405578
0.663658 0.513853 0.606164 0.331829 0.387391
0.611179 0.475771 0.576571 0.305590 0.363280
0.674379 0.692916 0.669331 0.337189 0.477966
0.674379 0.692916 0.669331 0.337189 0.477966
0.685099 0.726505 0.669331 0.342549 0.491401
0.694697 0.659328 0.711557 0.347349 0.477198
0.632620 0.630233 0.614470 0.316310 0.436434
0.602703 0.701903 0.517384 0.301351 0.435976
0.593105 0.681795 0.437257 0.296552 0.403895
0.663658 0.484758 0.593531 0.331829 0.371963
0.591983 0.639220 0.504750 0.295991 0.407113
0.571664 0.643713 0.449890 0.285832 0.392452
0.643340 0.605632 0.589204 0.321670 0.419014
0.632620 0.542948 0.576571 0.316310 0.390150
0.685099 0.639220 0.631431 0.342549 0.445117
0.623021 0.639220 0.546977 0.311511 0.419781
0.643340 0.634727 0.601837 0.321670 0.434442
0.693575 0.558563 0.753784 0.346788 0.449560
0.704295 0.592151 0.753784 0.352148 0.462996
0.735334 0.563056 0.783378 0.367667 0.460236
0.662536 0.558563 0.711557 0.331268 0.436892
0.662536 0.558563 0.711557 0.331268 0.436892
0.623021 0.668315 0.559610 0.311511 0.435209
0.643340 0.576537 0.576571 0.321670 0.403586
0.643340 0.605632 0.589204 0.321670 0.419014
0.633742 0.643713 0.534344 0.316871 0.417789
0.581262 0.634727 0.517384 0.290631 0.409106
0.591983 0.639220 0.504750 0.295991 0.407113
0.623021 0.668315 0.559610 0.311511 0.435209
0.560944 0.639220 0.462523 0.280472 0.394445
0.560944 0.639220 0.462523 0.280472 0.394445
0.571664 0.643713 0.449890 0.285832 0.392452
0.705417 0.634727 0.686291 0.352709 0.459778
0.694697 0.601138 0.686291 0.347349 0.446342
0.715016 0.567550 0.728518 0.357508 0.445575
0.652938 0.567550 0.644064 0.326469 0.420239
0.694697 0.630233 0.698924 0.347349 0.461770
0.434545 0.263120 0.302270 0.217273 0.195929
0.434545 0.263120 0.302270 0.217273 0.195929
0.434545 0.263120 0.302270 0.217273 0.195929
0.445265 0.296708 0.302270 0.222633 0.209364
0.434545 0.263120 0.302270 0.217273 0.195929
0.601581 0.513853 0.521711 0.300790 0.362054
0.601581 0.484758 0.509077 0.300790 0.346626
0.570542 0.484758 0.466850 0.285271 0.333958
0.632620 0.484758 0.551304 0.316310 0.359295
0.581262 0.518347 0.466850 0.290631 0.347394
0.746054 0.567550 0.770744 0.373027 0.458243
0.747176 0.668315 0.728518 0.373588 0.485881
0.704295 0.533961 0.728518 0.352148 0.432140
0.735334 0.533961 0.770744 0.367667 0.444808
0.736456 0.605632 0.715884 0.368228 0.457018
0.706539 0.764587 0.656697 0.353270 0.502844
0.654060 0.668315 0.601837 0.327030 0.447877
0.685099 0.668315 0.644064 0.342549 0.460545
0.685099 0.668315 0.644064 0.342549 0.460545
0.695819 0.672808 0.631431 0.347910 0.458553
0.664780 0.672808 0.589204 0.332390 0.445885
0.685099 0.668315 0.644064 0.342549 0.460545
0.685099 0.668315 0.644064 0.342549 0.460545
0.685099 0.668315 0.644064 0.342549 0.460545
0.685099 0.639220 0.631431 0.342549 0.445117
0.655182 0.739985 0.546977 0.327591 0.460087
0.445265 0.325803 0.314903 0.222633 0.224792
0.706539 0.677302 0.618797 0.353270 0.456560
0.497745 0.422075 0.369764 0.248872 0.279759
0.550224 0.518347 0.424624 0.275112 0.334726
0.560944 0.726505 0.500423 0.280472 0.440729
0.529905 0.726505 0.458197 0.264953 0.428061
0.571664 0.730998 0.487790 0.285832 0.438736
0.581262 0.663821 0.530017 0.290631 0.424534
0.519185 0.692916 0.458197 0.259592 0.414626
0.748298 0.827270 0.711557 0.374149 0.544375
0.779337 0.798175 0.741151 0.389668 0.541615
0.779337 0.798175 0.741151 0.389668 0.541615
0.748298 0.827270 0.711557 0.374149 0.544375
0.717259 0.827270 0.669331 0.358630 0.531707
0.757896 0.701903 0.728518 0.378948 0.499317
0.788935 0.730998 0.783378 0.394468 0.527413
0.737578 0.764587 0.698924 0.368789 0.515512
0.748298 0.739985 0.673657 0.374149 0.498091
0.810376 0.769080 0.770744 0.405188 0.538855
0.716138 0.697410 0.698924 0.358069 0.488641
0.747176 0.668315 0.728518 0.373588 0.485881
0.674379 0.663821 0.656697 0.337189 0.462538
0.705417 0.634727 0.686291 0.352709 0.459778
0.716138 0.726505 0.711557 0.358069 0.504069
0.695819 0.672808 0.631431 0.347910 0.458553
0.706539 0.677302 0.618797 0.353270 0.456560
0.706539 0.735492 0.644064 0.353270 0.487416
0.675501 0.706397 0.589204 0.337750 0.459320
0.685099 0.639220 0.631431 0.342549 0.445117
0.695819 0.672808 0.631431 0.347910 0.458553
0.726858 0.643713 0.661024 0.363429 0.455793
0.737578 0.735492 0.686291 0.368789 0.500084
0.664780 0.672808 0.589204 0.332390 0.445885
0.654060 0.610125 0.576571 0.327030 0.417021
0.674379 0.663821 0.656697 0.337189 0.462538
0.674379 0.634727 0.644064 0.337189 0.447110
0.632620 0.601138 0.601837 0.316310 0.421006
0.621899 0.567550 0.601837 0.310950 0.407571
0.601581 0.630233 0.572244 0.300790 0.423766
0.788935 0.730998 0.783378 0.394468 0.527413
0.778215 0.697410 0.783378 0.389107 0.513977
0.788935 0.701903 0.770744 0.394468 0.511985
0.757896 0.701903 0.728518 0.378948 0.499317
0.768617 0.735492 0.728518 0.384308 0.512752
0.496623 0.263120 0.386724 0.248311 0.221265
0.496623 0.263120 0.386724 0.248311 0.221265
0.496623 0.263120 0.386724 0.248311 0.221265
0.507343 0.296708 0.386724 0.253671 0.234700
0.465584 0.263120 0.344497 0.232792 0.208597
0.685099 0.610125 0.618797 0.342549 0.429689
0.705417 0.547442 0.648391 0.352709 0.413494
0.705417 0.605632 0.673657 0.352709 0.444350
0.654060 0.639220 0.589204 0.327030 0.432449
0.654060 0.581030 0.563937 0.327030 0.401593
0.695819 0.701903 0.644064 0.347910 0.473981
0.706539 0.735492 0.644064 0.353270 0.487416
0.654060 0.639220 0.589204 0.327030 0.432449
0.654060 0.668315 0.601837 0.327030 0.447877
0.726858 0.672808 0.673657 0.363429 0.471221
0.560944 0.581030 0.437257 0.280472 0.363589
0.612301 0.576537 0.534344 0.306151 0.390918
0.570542 0.513853 0.479484 0.285271 0.349386
0.550224 0.576537 0.449890 0.275112 0.365582
0.560944 0.610125 0.449890 0.280472 0.379017
0.737578 0.648207 0.648391 0.368789 0.453800
0.748298 0.652700 0.635758 0.374149 0.451807
0.748298 0.652700 0.635758 0.374149 0.451807
0.768617 0.677302 0.703251 0.384308 0.481896
0.748298 0.652700 0.635758 0.374149 0.451807
0.799655 0.793682 0.796011 0.399828 0.556276
0.799655 0.793682 0.796011 0.399828 0.556276
0.810376 0.798175 0.783378 0.405188 0.554283
0.788935 0.730998 0.783378 0.394468 0.527413
0.757896 0.760093 0.753784 0.378948 0.530173
0.674379 0.634727 0.644064 0.337189 0.447110
0.580140 0.475771 0.534344 0.290070 0.350612
0.632620 0.572043 0.589204 0.316310 0.405578
0.685099 0.551935 0.593531 0.342549 0.398833
0.623021 0.610125 0.534344 0.311511 0.404353
0.810376 0.827270 0.796011 0.405188 0.569711
0.779337 0.798175 0.741151 0.389668 0.541615
0.799655 0.793682 0.796011 0.399828 0.556276
0.779337 0.827270 0.753784 0.389668 0.557043
0.779337 0.827270 0.753784 0.389668 0.557043
0.695819 0.701903 0.644064 0.347910 0.473981
0.685099 0.668315 0.644064 0.342549 0.460545
0.685099 0.697410 0.656697 0.342549 0.475973
0.654060 0.668315 0.601837 0.327030 0.447877
0.726858 0.701903 0.686291 0.363429 0.486649
0.706539 0.764587 0.656697 0.353270 0.502844
0.632620 0.630233 0.614470 0.316310 0.436434
0.695819 0.730998 0.656697 0.347910 0.489409
0.664780 0.701903 0.601837 0.332390 0.461313
0.612301 0.634727 0.559610 0.306151 0.421774
0.569420 0.500373 0.559610 0.284710 0.368032
0.527661 0.495879 0.530017 0.263831 0.357357
0.538381 0.471278 0.504750 0.269191 0.339936
0.611179 0.563056 0.614470 0.305590 0.409564
0.600459 0.500373 0.601837 0.300229 0.380700
0.643340 0.663821 0.614470 0.321670 0.449870
0.643340 0.634727 0.601837 0.321670 0.434442
0.663658 0.630233 0.656697 0.331829 0.449102
0.643340 0.692916 0.627104 0.321670 0.465298
0.685099 0.697410 0.656697 0.342549 0.475973
0.633742 0.672808 0.546977 0.316871 0.433217
0.613423 0.706397 0.504750 0.306712 0.433984
0.602703 0.672808 0.504750 0.301351 0.420548
0.613423 0.706397 0.504750 0.306712 0.433984
0.664780 0.672808 0.589204 0.332390 0.445885
0.560944 0.610125 0.449890 0.280472 0.379017
0.560944 0.639220 0.462523 0.280472 0.394445
0.560944 0.610125 0.449890 0.280472 0.379017
0.540625 0.643713 0.407663 0.270313 0.379784
0.560944 0.581030 0.437257 0.280472 0.363589
0.726858 0.643713 0.661024 0.363429 0.455793
0.747176 0.581030 0.690618 0.373588 0.439597
0.716138 0.639220 0.673657 0.358069 0.457785
0.768617 0.706397 0.715884 0.384308 0.497324
0.768617 0.677302 0.703251 0.384308 0.481896
0.695819 0.701903 0.644064 0.347910 0.473981
0.706539 0.706397 0.631431 0.353270 0.471988
0.726858 0.730998 0.698924 0.363429 0.502077
0.654060 0.639220 0.589204 0.327030 0.432449
0.716138 0.668315 0.686291 0.358069 0.473213
0.674379 0.663821 0.656697 0.337189 0.462538
0.716138 0.697410 0.698924 0.358069 0.488641
0.705417 0.692916 0.711557 0.352709 0.490634
0.694697 0.630233 0.698924 0.347349 0.461770
0.694697 0.659328 0.711557 0.347349 0.477198
0.717259 0.769080 0.644064 0.358630 0.500851
0.737578 0.764587 0.698924 0.368789 0.515512
0.717259 0.798175 0.656697 0.358630 0.516279
0.737578 0.735492 0.686291 0.368789 0.500084
0.686221 0.739985 0.589204 0.343110 0.472755
0.726858 0.730998 0.698924 0.363429 0.502077
0.716138 0.697410 0.698924 0.358069 0.488641
0.695819 0.701903 0.644064 0.347910 0.473981
0.726858 0.701903 0.686291 0.363429 0.486649
0.757896 0.760093 0.753784 0.378948 0.530173
0.664780 0.643713 0.576571 0.332390 0.430457
0.675501 0.648207 0.563937 0.337750 0.428464
0.706539 0.648207 0.606164 0.353270 0.441132
0.685099 0.639220 0.631431 0.342549 0.445117
0.685099 0.610125 0.618797 0.342549 0.429689
0.737578 0.793682 0.711557 0.368789 0.530940
0.779337 0.827270 0.753784 0.389668 0.557043
0.705417 0.634727 0.686291 0.352709 0.459778
0.799655 0.793682 0.796011 0.399828 0.556276
0.810376 0.827270 0.796011 0.405188 0.569711
0.716138 0.639220 0.673657 0.358069 0.457785
0.726858 0.643713 0.661024 0.363429 0.455793
0.674379 0.605632 0.631431 0.337189 0.431682
0.716138 0.610125 0.661024 0.358069 0.442357
0.705417 0.576537 0.661024 0.352709 0.428922
0.642218 0.475771 0.618797 0.321109 0.375948
0.601581 0.601138 0.559610 0.300790 0.408338
0.632620 0.542948 0.576571 0.316310 0.390150
0.590861 0.509360 0.534344 0.295430 0.364047
0.611179 0.533961 0.601837 0.305590 0.394136
0.623021 0.697410 0.572244 0.311511 0.450637
0.591983 0.726505 0.542650 0.295991 0.453397
0.581262 0.692916 0.542650 0.290631 0.439962
0.633742 0.730998 0.572244 0.316871 0.464072
0.654060 0.668315 0.601837 0.327030 0.447877
0.757896 0.614619 0.690618 0.378948 0.453033
0.788935 0.614619 0.732845 0.394468 0.465701
0.757896 0.585524 0.677984 0.378948 0.437605
0.747176 0.610125 0.703251 0.373588 0.455025
0.768617 0.677302 0.703251 0.384308 0.481896
0.673257 0.446676 0.648391 0.336628 0.373188
0.662536 0.413088 0.648391 0.331268 0.359752
0.715016 0.451170 0.677984 0.357508 0.383863
0.662536 0.413088 0.648391 0.331268 0.359752
0.631498 0.383993 0.593531 0.315749 0.331656
0.580140 0.446676 0.521711 0.290070 0.335184
0.569420 0.383993 0.509077 0.284710 0.306320
0.559822 0.509360 0.492117 0.279911 0.351379
0.590861 0.480265 0.521711 0.295430 0.348619
0.590861 0.509360 0.534344 0.295430 0.364047
0.779337 0.739985 0.715884 0.389668 0.510759
0.810376 0.739985 0.758111 0.405188 0.523427
0.768617 0.735492 0.728518 0.384308 0.512752
0.779337 0.739985 0.715884 0.389668 0.510759
0.768617 0.677302 0.703251 0.384308 0.481896
0.695819 0.585524 0.593531 0.347910 0.412269
0.747176 0.639220 0.715884 0.373588 0.470453
0.705417 0.518347 0.635758 0.352709 0.398066
0.613423 0.619112 0.466850 0.306712 0.387700
0.685099 0.522840 0.580898 0.342549 0.383405
0.737578 0.619112 0.635758 0.368789 0.438372
0.706539 0.648207 0.606164 0.353270 0.441132
0.779337 0.652700 0.677984 0.389668 0.464476
0.779337 0.681795 0.690618 0.389668 0.479903
0.737578 0.619112 0.635758 0.368789 0.438372
0.581262 0.518347 0.466850 0.290631 0.347394
0.560944 0.581030 0.437257 0.280472 0.363589
0.612301 0.547442 0.521711 0.306151 0.375490
0.539503 0.455663 0.411990 0.269752 0.305862
0.581262 0.547442 0.479484 0.290631 0.362822
0.674379 0.576537 0.618797 0.337189 0.416254
0.663658 0.542948 0.618797 0.331829 0.402818
0.705417 0.576537 0.661024 0.352709 0.428922
0.654060 0.639220 0.589204 0.327030 0.432449
0.685099 0.581030 0.606164 0.342549 0.414261
0.663658 0.601138 0.644064 0.331829 0.433674
0.612301 0.576537 0.534344 0.306151 0.390918
0.662536 0.413088 0.648391 0.331268 0.359752
0.663658 0.572043 0.631431 0.331829 0.418246
0.663658 0.542948 0.618797 0.331829 0.402818
0.716138 0.639220 0.673657 0.358069 0.457785
0.747176 0.610125 0.703251 0.373588 0.455025
0.695819 0.643713 0.618797 0.347910 0.443125
0.736456 0.576537 0.703251 0.368228 0.441590
0.716138 0.610125 0.661024 0.358069 0.442357
0.664780 0.701903 0.601837 0.332390 0.461313
0.706539 0.764587 0.656697 0.353270 0.502844
0.685099 0.697410 0.656697 0.342549 0.475973
0.654060 0.668315 0.601837 0.327030 0.447877
0.695819 0.672808 0.631431 0.347910 0.458553
0.654060 0.697410 0.614470 0.327030 0.463305
0.716138 0.668315 0.686291 0.358069 0.473213
0.705417 0.663821 0.698924 0.352709 0.475206
0.685099 0.639220 0.631431 0.342549 0.445117
0.694697 0.601138 0.686291 0.347349 0.446342
0.737578 0.706397 0.673657 0.368789 0.484656
0.768617 0.735492 0.728518 0.384308 0.512752
0.726858 0.672808 0.673657 0.363429 0.471221
0.706539 0.706397 0.631431 0.353270 0.471988
0.695819 0.643713 0.618797 0.347910 0.443125
0.643340 0.576537 0.576571 0.321670 0.403586
0.612301 0.576537 0.534344 0.306151 0.390918
0.643340 0.576537 0.576571 0.321670 0.403586
0.674379 0.576537 0.618797 0.337189 0.416254
0.601581 0.513853 0.521711 0.300790 0.362054
0.779337 0.739985 0.715884 0.389668 0.510759
0.748298 0.769080 0.686291 0.374149 0.513519
0.799655 0.677302 0.745478 0.399828 0.494564
0.779337 0.710890 0.703251 0.389668 0.495331
0.748298 0.769080 0.686291 0.374149 0.513519
0.663658 0.542948 0.618797 0.331829 0.402818
0.705417 0.547442 0.648391 0.352709 0.413494
0.683977 0.480265 0.648391 0.341988 0.386623
0.621899 0.538455 0.589204 0.310950 0.392143
0.643340 0.547442 0.563937 0.321670 0.388158
0.683977 0.567550 0.686291 0.341988 0.432907
0.683977 0.567550 0.686291 0.341988 0.432907
0.652938 0.538455 0.631431 0.326469 0.404811
0.642218 0.475771 0.618797 0.321109 0.375948
0.652938 0.509360 0.618797 0.326469 0.389383
